0.0 1.0000000000000002 1.0681415022205298
0.1 1.166642256319541 2.324778563656447
0.2 1.3030466192737622 2.324778563656447
0.30000000000000004 1.4320946330293358 2.324778563656447
0.4 1.6173140667420676 2.3876104167282426
0.5 1.9039941365241968 2.3876104167282426
0.6 2.243812140268709 2.3876104167282426
0.7 2.5367853601244783 2.4504422698000385
0.7999999999999999 2.7576696857304936 2.4504422698000385
0.8999999999999999 3.017100313920557 2.4504422698000385
0.9999999999999999 3.423661550317626 2.4504422698000385
1.0999999999999999 3.9742879719265622 2.4504422698000385
1.2 4.593259686507518 2.5132741228718345
1.3 5.038764496879509 2.5132741228718345
1.4000000000000001 5.341082241272041 2.5132741228718345
1.5000000000000002 5.684707246648751 2.5132741228718345
1.6000000000000003 6.0970135971149855 2.5132741228718345
1.7000000000000004 6.694680008417671 2.57610597594363
1.8000000000000005 7.092366431136528 2.57610597594363
1.9000000000000006 6.84247961298998 2.57610597594363
2.0000000000000004 6.249706573094549 2.57610597594363
2.1000000000000005 5.557581133980263 2.57610597594363
2.2000000000000006 5.056617487832234 2.6389378290154264
2.3000000000000007 4.800444575382922 2.6389378290154264
2.400000000000001 4.208800685506277 2.6389378290154264
2.500000000000001 3.4998152651536847 2.6389378290154264
2.600000000000001 2.853472865611446 2.6389378290154264
2.700000000000001 2.564445096784771 2.701769682087222
2.800000000000001 2.29801040968548 2.701769682087222
2.9000000000000012 1.9707851905410814 2.701769682087222
3.0000000000000013 1.6297028877173152 2.701769682087222
3.1000000000000014 1.4301618350246985 2.764601535159018
3.2000000000000015 1.2704503934716438 2.764601535159018
3.3000000000000016 1.1121308876890696 2.764601535159018
3.4000000000000017 0.9544081220603816 2.764601535159018
3.5000000000000018 0.8699893376518412 2.827433388230814
3.600000000000002 0.7733070058591579 2.827433388230814
3.700000000000002 0.67511680369421 2.827433388230814
3.800000000000002 0.5957477392939144 2.8902652413026093
3.900000000000002 0.5507332312038836 2.8902652413026093
4.000000000000002 0.5018508920261312 2.8902652413026093
4.100000000000001 0.4497546903313274 2.8902652413026093
4.200000000000001 0.41409813903731685 2.9530970943744057
4.300000000000001 0.38294283499970205 2.9530970943744057
4.4 0.3514027876302063 2.9530970943744057
4.5 0.32271857558508815 3.015928947446201
4.6 0.30762250867881197 3.015928947446201
4.699999999999999 0.2900592357009739 3.015928947446201
4.799999999999999 0.2709095836800615 3.015928947446201
4.899999999999999 0.25662153686340294 3.078760800517997
4.999999999999998 0.24722139953663 3.078760800517997
5.099999999999998 0.23725562053213997 3.078760800517997
5.1999999999999975 0.22666791752073762 3.078760800517997
5.299999999999997 0.2209454099162354 0.0
5.399999999999997 0.21586205358630378 0.0
5.4999999999999964 0.2099286197453392 0.0
5.599999999999996 0.20382370664175284 0.0
5.699999999999996 0.20224339185109158 0.06283185307179587
5.799999999999995 0.2015155640285806 0.06283185307179587
5.899999999999995 0.19988889863289772 0.06283185307179587
5.999999999999995 0.19742108647160453 0.06283185307179587
6.099999999999994 0.19668680495341614 0.12566370614359174
6.199999999999994 0.19822077392276172 0.12566370614359174
6.299999999999994 0.19960888125574597 0.12566370614359174
6.399999999999993 0.2009821414637151 0.12566370614359174
6.499999999999993 0.20227660029143613 0.12566370614359174
6.5999999999999925 0.20554120169786388 0.18849555921538758
6.699999999999992 0.20963105439439872 0.18849555921538758
6.799999999999992 0.21324187800566194 0.18849555921538758
6.8999999999999915 0.21738494398408936 0.18849555921538758
6.999999999999991 0.22264287723741186 0.18849555921538758
7.099999999999991 0.22819742489479777 0.18849555921538758
7.19999999999999 0.2349837750271177 0.25132741228718347
7.29999999999999 0.2413509893745817 0.25132741228718347
7.39999999999999 0.24817289592288364 0.25132741228718347
7.499999999999989 0.257273799230653 0.25132741228718347
7.599999999999989 0.2678627094612772 0.25132741228718347
7.699999999999989 0.2767901344787959 0.25132741228718347
7.799999999999988 0.2823339152763533 0.25132741228718347
7.899999999999988 0.28690433418283695 0.25132741228718347
7.999999999999988 0.2952789650236024 0.3141592653589793
8.099999999999987 0.30746606226295736 0.3141592653589793
8.199999999999987 0.31824268956933305 0.3141592653589793
8.299999999999986 0.323129494460452 0.3141592653589793
8.399999999999986 0.32323113783564517 0.3141592653589793
8.499999999999986 0.32393894400394135 0.3141592653589793
8.599999999999985 0.328156797302575 0.3141592653589793
8.699999999999985 0.3328339724293794 0.3141592653589793
8.799999999999985 0.33220154530623774 0.3141592653589793
8.899999999999984 0.3248726219364646 0.3141592653589793
8.999999999999984 0.3156009895547823 0.3141592653589793
9.099999999999984 0.3091958985959679 0.3141592653589793
9.199999999999983 0.30593588674158645 0.25132741228718347
9.299999999999983 0.30330501978232954 0.25132741228718347
9.399999999999983 0.29595018774118 0.25132741228718347
9.499999999999982 0.2854228946150646 0.25132741228718347
9.599999999999982 0.27673851087015444 0.18849555921538758
9.699999999999982 0.273991422628125 0.18849555921538758
9.799999999999981 0.2734214215789147 0.18849555921538758
9.89999999999998 0.2747835586583186 0.12566370614359174
9.99999999999998 0.2730132823038549 0.06283185307179587
