-24.42505838235548 0.6971599105424998 -23.625624459876718 0.3745355026926413
-22.978597968671373 0.6856219724536073 -22.04444435660322 2.0309255061243228
-21.50974392668985 0.6760509761245694 -21.679078436113958 4.195590199427456
-20.021565847933044 0.6679233603447005 -20.723367928438808 0.5977016485952457
-18.51642851652634 0.6608962041051417 -18.898801378572006 0.5060581296796867
-16.996210178274655 0.6547331626589479 -17.107277076325133 0.6222810090273173
-15.46243845092786 0.6492647770258408 -15.517889034497276 0.6362193087635231
-13.916379652385103 0.6443656378827293 -13.948153106882067 0.6378825149467996
-12.359100048449115 0.6399404937140422 -12.37847659681374 0.6362674138766501
-10.791509304760435 0.6359154105801086 -10.803547489320268 0.6336364662253033
-9.214392194596421 0.6322319329555061 -9.221706675179249 0.6307199872302396
-7.628432291832355 0.6288431038648016 -7.632513381402111 0.6277869990688771
-6.034230037120754 0.6257106785230641 -6.035990989876249 0.6249422604963681
-4.432316756932385 0.6228031277491014 -4.432349534248634 0.6222252315089396
-2.8231657098653926 0.6200941779560755 -2.8218716672942605 0.619647542834017
-1.2072009088810005 0.617561724224336 -1.204862403356234 0.6172085603302905
0.4151957476716982 0.6151870081306301 0.41837384505671327 0.6149022979835853
2.043678649783528 0.6129539869151694 2.0475437381797725 0.6127206313171993
3.67793366925273 0.6108488432009799 3.682369487615887 0.6106548284265996
5.317674159511727 0.6088595994936938 5.322590378137093 0.6086962793857508
6.962637599877779 0.6069758118427483 6.967962818921265 0.6068368307117655
8.61258275981086 0.6051883240426091 8.618259678043554 0.6050689213100603
10.267287286507342 0.6034890686505373 10.273269291730458 0.6033856181827129
11.926545639938908 0.6018709045817928 11.932794354031671 0.6017806023905244
13.590167315192863 0.6003274835526258 13.596650794492884 0.6002481316564827
15.257975304032039 0.598853139474737 15.26466669858529 0.5987829934953125
16.929804756923325 0.5974427962580985 16.93668129683617 0.5973804561232477
18.60550181406787 0.5960918904910742 18.612544032847605 0.5960362208336671
20.2849225797018 0.5947963062276217 20.29211371185908 0.5947463775870188
21.967932218489437 0.5935523196930904 21.975257727028065 0.5935073645156665
23.65440415647133 0.5923565521653017 23.661851358404924 0.5923159314828849
24.9211529974841 1.1829766086053553 24.928685036499726 1.182901183549105
25.840222513267115 1.0072382361825327 25.84373003259713 1.015526548154587
26.946616203362623 0.819689868153599 26.945906362359032 0.8199128496331146
28.144831263337526 0.8500101650440942 28.14826916025286 0.8438222008081632
29.157675772796637 1.1775338323241604 29.1654487975875 1.1774742136774135
30.00728035708268 1.176502881450777 30.015095444157065 1.1764459597373345
30.857623291282316 1.1754898153939497 30.865478532880644 1.1754356752245303
31.84860779490411 0.8839702367656852 31.851518531584194 0.8917968486202524
33.01883003512687 0.8270035359255692 33.01664599962078 0.8271823217326666
34.158171301146865 0.9350182343693296 34.16098062187979 0.9261438073733943
35.12002803680411 1.170664625949661 35.12788028005599 1.1708869815727279
35.97458955798649 1.1697172870177388 35.98208676015802 1.1704673757451314
36.829866507187766 1.168706980344064 36.83633533385924 1.1707715742931257
37.84937607109384 0.8450423387854541 37.85060849106245 0.8514923052642307
39.041012199465754 0.8334030634364255 39.03765811844963 0.8335483047106221
40.16986152769749 0.9453591313998674 40.15185897074369 0.9720901415324658
41.13699775395146 1.1409359461171218 41.09841907140636 1.1568597497489834
42.022536673687455 1.1178124634328177 41.97659409120874 1.1211503625700852
42.93160937124911 1.0827890212718188 42.887858735146864 1.07458909215939
43.908654652963946 0.9703559981530078 43.88643536689605 0.9375893662384356
45.01982646489783 0.8390711752967848 45.01553009827262 0.8391905580216098
46.21086980481599 0.840129511554742 46.20640725502236 0.8402444502384117
47.40042986318657 0.8411649674539518 47.39580768275583 0.8412756716310529
48.588542029842216 0.8421783910361295 48.58376644403671 0.8422850580149658
49.77524028668811 0.8431705859593199 49.77031721370003 0.8432734016565434
50.96055728557013 0.8441423144842565 50.95549235525516 0.8442414541964628
52.221035073727094 0.7483230799915145 52.22024626178244 0.743487484211343
53.66946132659231 0.6408073965232188 53.67300537187555 0.6408179231022304
55.29816467665407 0.589318461652953 55.30199173398451 0.5891130524585356
56.80160399722803 0.7633568896189701 56.800787259227825 0.7691574079064661
58.045131014557654 0.8495810087463034 58.039319063392156 0.8496612625828339
59.31604306171234 0.7327224228277522 59.31528092827379 0.727281129936244
61.07815017401656 0.4630828235422964 61.07723276290582 0.4653501325830581
62.74412168577273 0.852876937069244 62.73789538670082 0.8529470699713583
64.07401747006647 0.6723640698825635 64.07279938061359 0.6678232048509798
65.82956732963225 0.4941174695549367 65.82821426221207 0.49666551991286373
67.42562155735435 0.8559458501703188 67.4190350967875 0.856007398872856
69.17657473506742 0.4285209578358669 69.16986639519591 0.4285502957900583
71.28220691749556 0.5325788568327307 71.2798115652381 0.5300984759929567
73.02881088278494 0.6189835891756041 73.02630522286421 0.6224536315043616
74.99868544414647 0.43025605197639116 74.99160884649322 0.43028114267093603
77.3211126546019 0.43091245007578377 77.3139047419457 0.4309360521207771
79.64005806645642 0.43154902889913227 79.63272695661234 0.4315712466584279
81.95563565977173 0.4321668011977876 81.94818887687597 0.4321877300254182
84.26795324535571 0.4327667073278512 84.26039777307207 0.4327864344950616
86.57711292579746 0.4333496218523288 86.56945525486125 0.433368227363986
88.88321151292266 0.4339163594149868 88.87545768371668 0.4339339167312127
91.1863409066165 0.4344676799813141 91.1784965473781 0.4344842566556397
93.48658843931102 0.4350042935238247 93.47865880048698 0.43501995177022723
95.78403718988139 0.43552686422177206 95.77602717507133 0.43554166142065825
98.07876627024515 0.436036014223468 98.07068046406668 0.43605000339241307
100.37085108788357 0.43653232690660126 100.36269378052103 0.4365455573231551
102.6603635905639 0.4370163484916006 102.65213879410923 0.43702886805740393
104.94737253331121 0.4374885761744796 104.93908394706074 0.4375004484750221
107.23194411789854 0.4379493253959529 107.22359472214049 0.43796075517618926
109.51414588043308 0.438397611223597 109.50573509325275 0.4384097566052806
111.79407445001756 0.4388230601273943 111.7855819386158 0.4388423669077264
114.07203038933557 0.439157174307404 114.06334413181303 0.4392125773307608
116.34940967338545 0.43904526060837146 116.34011091332013 0.43922610014768204
118.63206560153239 0.4371312666239324 118.62117738210472 0.43755993382400366
120.9383925881396 0.4301053775154367 120.92494001969251 0.43064021118545115
123.3082716674181 0.4141221380816485 123.29274831403238 0.41433731091064746
125.79975387888942 0.38937506298660973 125.78385038192837 0.38930022087768734
128.472197216834 0.3601437818587529 128.45830383712715 0.359686962457522
131.37669457790156 0.3297798532533629 131.36357651698458 0.3299948778209576
134.5656285689227 0.29890522499862404 134.55223441139216 0.2987780823025859
138.11504670389175 0.2664326168204624 138.10261030926853 0.2663977063145168
142.16583740169034 0.22997561085212148 142.15382132684306 0.22995716561238738
147.05895520643207 0.18389288031375597 147.04727566374748 0.18388191488582648
