0.001 0.7067960089930042 1.2035911203897147 0.0 0.30952675069403035
0.0010718913192051276 0.7067947833371251 1.2034070876628404 0.0 0.30936631726185587
0.0011489510001873086 0.7067934695133037 1.20320998481391 0.0 0.30919298540368295
0.0012315506032928262 0.7067920611684224 1.2029988959165252 0.0 0.30900563484515237
0.001320088400831418 0.7067905514889352 1.2027728426834938 0.0 0.3088031049766392
0.0014149912974345759 0.7067889331668317 1.2025307804913834 0.0 0.3085839322084256
0.0015167168884709225 0.7067871983629871 1.2022715941920077 0.0 0.3083466963695174
0.0016257556664437934 0.7067853386676339 1.2019940937056994 0.0 0.30808970230842625
0.0017426333860096508 0.7067833450576039 1.2016970093922485 0.0 0.3078111660273765
0.0018679135990207828 0.7067812078501169 1.201378987196676 0.0 0.3075091316736275
0.0020022003718155844 0.7067789166527564 1.2010385835686457 0.0 0.3071814407039223
0.0021461411978584036 0.706776460309217 1.2006742601563432 0.0 0.30682568021735945
0.002300430119772917 0.7067738268403571 1.2002843782781705 0.0 0.3064391786601894
0.002465811075822604 0.7067710033801473 1.199867193178756 0.0 0.3060189541078789
0.0026430814869741054 0.7067679761058654 1.199420848079689 0.0 0.3055618563846225
0.002833096101839324 0.7067647301618667 1.1989433680402741 0.0 0.3050644096300015
0.0030367711180354575 0.7067612495761288 1.1984326536497456 0.0 0.30452248987202146
0.00325508859983506 0.7067575171685478 1.197886474580113 0.0 0.30393169845634554
0.0034891012134067737 0.7067535144499961 1.1973024630385658 0.0 0.3032871688719134
0.0037399373024787977 0.7067492215110911 1.1966781071707309 0.0 0.30258357324600094
0.004008806328898464 0.7067446168990994 1.1960107444816632 0.0 0.3018145972830534
0.00429700470432084 0.7067396774811373 1.1952975553610479 0.0 0.3009734010858688
0.004605922041145108 0.706734378291181 1.1945355568234557 0.0 0.3000523710104614
0.004937047852839003 0.7067286923584646 1.1937215966041654 0.0 0.299043170929173
0.005291978735958442 0.7067225905161857 1.192852347786192 0.0 0.2979364075329446
0.005672426068491977 0.7067160411858978 1.1919243041735677 0.0 0.29672158217196165
0.006080224261649421 0.7067090101317696 1.1909337766661274 0.0 0.2953869770703892
0.006517339604882427 0.7067014601785686 1.189876890924246 0.0 0.2939201425376216
0.0069858797467852495 0.7066933508958205 1.1887495866223734 0.0 0.29230919525836524
0.007488103857590023 0.7066846382382486 1.1875476185487404 0.0 0.2905403611472031
0.008026433522257174 0.7066752741244388 1.1862665596636228 0.0 0.2885957362187839
0.008603464416684501 0.706665205943005 1.1849018058915646 0.0 0.286456990494674
0.009221978823334332 0.7066543760101516 1.1834485444173384 0.0 0.2841039479587363
0.009884959046625586 0.7066427209396224 1.181901683563463 0.0 0.28151483091924434
0.010595601792776159 0.7066301708617871 1.1802560226650691 0.0 0.27866622133700536
0.01135733358343105 0.7066166485525734 1.1785062005939073 0.0 0.2755346880145176
0.012173827277396614 0.7066020685016327 1.1766467101964682 0.0 0.27209304183511873
0.013049019780144023 0.7065863357045183 1.1746719271363721 0.0 0.26831405317940704
0.013987131026472387 0.7065693442062029 1.1725761518635864 0.0 0.264168513788681
0.014992684327860457 0.7065509757787836 1.1703535770893472 0.0 0.2596262175472272
0.016070528182616384 0.7065310981182089 1.167998297172455 0.0 0.2546584246930594
0.017225859653987867 0.706509562415723 1.1655043912245946 0.0 0.24923729606444417
0.018464249428955436 0.7064862017119881 1.1628660464493852 0.0 0.24333668613891218
0.019791668678535573 0.7064608283057305 1.1600777060560419 0.0 0.23693639750119438
0.021214517849106298 0.7064332298619586 1.1571340270441035 0.0 0.23002686765111688
0.022739657523579287 0.7064031684544818 1.154029689265877 0.0 0.2226149367077646
0.024374441501222206 0.7063703764692967 1.1507596957646138 0.0 0.21471289300769336
0.026126752255633278 0.7063345517692904 1.1473196306140858 0.0 0.20634736844703294
0.02800503894183631 0.7062953607822333 1.1437059198076605 0.0 0.19757122263335233
0.03001835813575589 0.7062524293971697 1.1399153352060662 0.0 0.1884666219737429
0.03217641750250737 0.7062053458793434 1.1359450806038334 0.0 0.17914211244553918
0.03448962260405758 0.7061536692872614 1.1317940770800967 0.0 0.16973961811738902
0.03696912707195026 0.7060969124207593 1.1274626929068703 0.0 0.1604450955612025
0.03962688638701478 0.7060345842447132 1.1229513316933506 0.0 0.15148568202136667
0.04247571552536898 0.7059661688557443 1.1182626546157701 0.0 0.14312464318232784
0.0455293507486695 0.7058911674845159 1.1134019525609158 0.0 0.13565780179154524
0.04880251583654431 0.7058091491293372 1.1083739247544997 0.0 0.1294070650626529
0.052310993080562605 0.7057197124262865 1.1031879080112676 0.0 0.1246975390408897
0.05607169938205458 0.7056227019872298 1.097854431005738 0.0 0.1218354321112853
0.06010276782070382 0.705518018415285 1.0923852942145518 0.0 0.1211041918820659
0.06442363508721373 0.7054060424921512 1.0867973958844748 0.0 0.12269106147519743
0.06905513520162328 0.7052872593667725 1.0811069419968409 0.0 0.12680752102871187
0.07401959996915644 0.7051628430398049 1.0753352796909628 0.0 0.13318916012424611
0.07934096665797492 0.7050340397750559 1.0695041581412075 0.0 0.14116695677249483
0.08504489341802678 0.7049028239833462 1.0636373066846763 0.0 0.1496440674257545
0.09115888299750823 0.7047708146432564 1.0577623271334131 0.0 0.1570355225614581
0.09771241535346496 0.704640051483872 1.051904562613628 0.0 0.1614441620274262
0.10473708979594494 0.7045108251965184 1.0460921821381435 0.0 0.1610880630003678
0.11226677735108136 0.7043833031688965 1.0403549171327424 0.0 0.15465096369874495
0.12033778407775896 0.7042531091966108 1.0347224725240205 0.0 0.14192238403905094
0.12898902612533086 0.7041157948214842 1.029225619839382 0.0 0.12418137474961488
0.1382622173764656 0.7039609110514179 1.0238969903805748 0.0 0.1042776807241992
0.14820207057988583 0.7037786309372571 1.0187706067497433 0.0 0.08604457795163103
0.15885651294280528 0.7035584770531652 1.0138817014908872 9.240398748314729e-14 0.07313988000108436
0.17027691722259 0.7032932463592851 1.0092636566027873 1.162406156426649e-13 0.0680499115984689
0.18251834943190434 0.7029920245666597 1.00494145510571 4.24183036581741e-14 0.07107135779653312
0.19563983435170643 0.702669828323868 1.0009248955094956 8.986933883442046e-15 0.07857019139636026
0.20970464013232323 0.7023486393315287 0.9972078288438119 1.3914461609060528e-15 0.08327303594281309
0.22478058335487253 0.7020572045213327 0.99376610717686 1.76584698966767e-16 0.07900828795330177
0.2409403560239525 0.701792383464672 0.9905858432413293 1.93501277985631e-17 0.06573173156020966
0.2582618760682676 0.7015154117270911 0.9876715440877734 1.8848894713911843e-18 0.050063971730720344
0.2768286630392066 0.7011659068984591 0.9850474164351795 2.302594992566192e-11 0.04017771574651867
0.29673024081888694 0.700709394193301 0.9827229718378075 1.6361102869165192e-10 0.03971016478946166
0.31806256927941196 0.7001825604228417 0.9806398208709888 2.821088885441347e-11 0.04319521283129225
0.3409285069746812 0.6996825646313445 0.9786857472830169 1.9913368604333543e-12 0.04056198301181759
0.3654383070957256 0.6992554447856735 0.9768050712849918 8.909745156944816e-14 0.030970811889885895
0.39171014908092594 0.6987951151634233 0.9750521751412212 3.017942546635226e-15 0.02311294613001399
0.41987070844439095 0.6981511288555872 0.9734480674257243 6.444580759687539e-9 0.02235241053957001
0.4500557675700498 0.6973950717988796 0.971820801366895 6.063747709247483e-10 0.02226337421014648
0.4824108704165371 0.6967484203218687 0.9700427998715901 1.725031937349255e-11 0.017081210232490488
0.5170920242896758 0.6960871320732307 0.9682482990067076 1.9466156556538548e-8 0.012574159714865172
0.5542664520663105 0.6951574093342394 0.9663901713594164 2.810679351338062e-8 0.012170523251204763
0.5941133984965034 0.6942075154342991 0.9642025331518248 8.165114752093401e-10 0.01005025900382811
0.6368249944718587 0.6933441593274517 0.9618499105901441 7.494643706798192e-8 0.007021970242915798
0.6826071834272388 0.6921360127045617 0.9592637903321611 7.357768113051248e-8 0.006372291532614579
0.7316807143427196 0.6909705714870847 0.9562303959248789 9.430906914485203e-10 0.0047452486286048
0.784282206133768 0.6896924763162756 0.9529680209884859 4.5631864042915887e-7 0.003485784972284539
0.8406652885618325 0.6881673399207 0.9491706676402865 1.0238782750176877e-8 0.0027758282088391926
0.9011018251665021 0.6866783907214644 0.9450264792029089 7.463094580622865e-7 0.0018657656030727466
0.9658832241158702 0.6848598923129087 0.9402757873090068 1.5375866209101162e-8 0.0013323842362208444
1.0353218432956621 0.6830052468435046 0.9350572969175951 6.555464936018874e-7 0.0009124285630865695
1.109752496412072 0.6809660176468424 0.9291105938213442 8.323186402020459e-9 0.0004577890068143324
1.1895340673703196 0.6786238103511982 0.9224656535352151 1.1616422365056876e-7 0.0003413497899635119
1.2750512407130132 0.6762881606381892 0.9149516987293821 4.954116758330194e-7 0.00013442430053209114
1.3667163564620066 0.6737275124354436 0.906326053238025 7.205317556505371e-9 1.8791786787596005e-5
1.4649713983072858 0.6709181188835077 0.8964168477752638 6.2909508402925325e-9 1.519721906010904e-6
1.5702901247293772 0.6679680865686222 0.8849591071504226 1.6074391581502413e-8 1.557017607021327e-10
1.6831803533309568 0.6649236457132173 0.8716200161498004 1.6935409024590323e-8 1.3476893890912211e-11
1.8041864093920723 0.661808208092148 0.8560500837460628 9.061765281314294e-9 7.300029056018413e-14
1.933891750455231 0.6586459141366611 0.8379293475920593 2.6203364555742665e-9 3.2515935772734703e-13
2.0729217795953714 0.6555212689287611 0.8170244889057989 3.5919200019448013e-10 9.875815304975928e-13
2.2219468609395236 0.6524688273834769 0.79328435391925 1.4198549150699046e-11 2.7273823496046143e-12
2.3816855519761586 0.6494494864518838 0.7668947951150346 2.0844639516327486e-10 5.388596577980561e-12
2.552908068239517 0.6466806714036052 0.7383776571226649 1.9454039321523797e-10 9.09033126693426e-12
2.7364399970746707 0.6442086594896175 0.7088176333099349 1.275318219660356e-15 9.607165966092639e-12
2.9331662783900447 0.6420562504294021 0.6795929158078192 5.8881678184795705e-24 6.77430935975756e-12
3.1440354715914998 0.6402423279446295 0.6523032637357301 1.6485383824103167e-24 2.3263681621756253e-12
3.370064329271928 0.6389029217452721 0.6282182253087474 2.118968996592777e-24 6.110529286941999e-12
3.6123426997094312 0.6379996450420593 0.6080232876857291 1.6377656612818417e-24 1.3108751839968027e-10
3.872038781812555 0.6374985572470632 0.5915145027462991 8.108659690901735e-25 2.556469989894807e-19
4.150404757850476 0.6373871611738878 0.5777456092371669 2.759987310507828e-25 0.0
4.448782831127585 0.637444797869862 0.5654765961159852 4.8850632405270815e-26 0.0
4.768611697714471 0.6376484591570128 0.5536448318557263 4.033810377820933e-26 0.0
5.111433483440167 0.6376768074106739 0.5419376480689099 8.433784357925883e-25 1.702389681062441e-19
5.478901179593942 0.6374546299865919 0.5310978292472677 1.2642831923543712e-24 1.2253411724872761e-19
5.872786613189481 0.6368697582616436 0.5226073316783567 4.22080894502466e-25 5.212627882574339e-19
6.294988990221888 0.6358184140160213 0.5179151145119683 2.2648222917694835e-26 0.0
6.747544053110695 0.6345295627448616 0.5175969399290674 1.8863905198051616e-25 0.0
7.232633896483535 0.6330360799654986 0.5208845006906072 1.9859040739344767e-23 0.0
7.75259748862946 0.6315360859969522 0.5258264676741513 1.8001425816425767e-23 1.2870535959241013e-23
8.309941949353393 0.6302243190730584 0.5301940999393786 2.0168979714800443e-23 2.3473157833622487e-23
8.907354638610439 0.6290299557407266 0.5325806745823121 1.3412222110096777e-23 0.0
9.54771611420806 0.6278887466761456 0.53323073177783 3.0105261126047775e-23 1.1520353380188568e-25
10.234114021054532 0.6266790574271787 0.5337707681205799 4.479385434503581e-23 3.621195008340356e-24
10.969857978923836 0.6252933304967866 0.5352966197810413 2.1217197686630143e-23 1.0045331321839695e-23
11.758495540521569 0.623707078284108 0.537069526258751 3.788637137974293e-23 3.3974846729896905e-24
12.603829296797274 0.622002544591065 0.5379329239285071 1.1357920339836988e-22 6.34653166115241e-22
13.509935211980265 0.6202206361833698 0.537600886906716 1.1383741014322836e-23 8.574109645965503e-23
14.481182276745338 0.6183578212337069 0.5363749963868649 1.0090089380917289e-22 7.374982775877002e-23
15.522253574270472 0.616372850048163 0.5349124654060412 1.4064718337636883e-22 4.374258700131808e-22
16.63816886076129 0.6142355392650835 0.5334518481623974 1.254326687056858e-22 5.261800558093615e-22
17.834308769319094 0.6119486897134173 0.5317376332137043 5.679784588339733e-23 1.4062840811682324e-22
19.116440753857027 0.6095130755330949 0.5297112939225275 1.3163402548389469e-22 7.833489552137423e-22
20.49074689815847 0.6069155462874987 0.5274790248059746 1.1576531938859283e-22 4.521454520154179e-22
21.963853724165457 0.6041412623651502 0.5251075986496263 1.020622640414552e-22 7.557242119418271e-22
23.54286414322418 0.6011816923914836 0.5225552137612087 3.2004436923811577e-23 8.269706793817845e-23
25.23539170434766 0.5980263148318052 0.5198155632548214 2.3877715587419406e-23 3.2714935668725667e-22
27.04959730463136 0.5946622155367328 0.5168950700993007 8.230607491759732e-23 7.23826945043937e-22
28.994228538828768 0.59107723056888 0.5137805763390023 7.647507153208686e-23 1.6623888591540333e-22
31.078661877820124 0.5872585679704071 0.51046160105678 8.571026198627978e-23 7.419040563401304e-22
33.31294787934674 0.5831927379952899 0.5069278106931813 9.77339388773255e-23 8.051345223600679e-22
35.707859649004625 0.5788659971464499 0.503166867583251 7.41208253662712e-24 1.0856702095558014e-22
38.27494478516313 0.5742637787603894 0.49916652487868896 8.245729383250337e-23 6.978595248436711e-22
41.02658105827192 0.5693713411414835 0.4949138744032203 7.347201339671854e-23 1.757426318653868e-22
43.97603609302719 0.5641734459700534 0.49039571916936575 7.393388321372801e-23 7.219878223196518e-22
47.13753134116724 0.5586545493244425 0.48559853729395713 6.194042822658694e-23 5.632533035529425e-22
50.526310653356795 0.5527988270375382 0.4805085763580626 8.643036812967103e-24 7.759879049039619e-23
54.158713780794734 0.546590268257443 0.4751119197353996 1.425483792376819e-22 7.378259817388242e-22
58.05225516094899 0.5400127763406904 0.46939457537929236 6.534777021257469e-23 6.413290307190982e-22
62.22570836730231 0.5330502859176395 0.46334257923649025 1.3876951360401652e-22 6.468185706887775e-22
66.69919663030122 0.5256869030611607 0.4569421159404919 8.45735102193558e-23 2.148631123439042e-22
71.49428986597577 0.5179070663093986 0.450179658967868 7.472682373788446e-24 1.6611811823873484e-22
76.63410868007459 0.5096957315749305 0.4430421315809631 1.5169139656703065e-23 8.153276857633837e-23
82.14343584919426 0.501038583108762 0.4355170901241998 8.153063590411306e-23 2.257451198454223e-22
88.04883581643465 0.49192227164173685 0.4275929310344077 6.805443627216193e-24 8.984886948495891e-23
94.37878277775381 0.48233468112633726 0.4192591226945991 7.870625636194694e-24 1.4516253156662998e-22
101.1637979766207 0.4722652249509048 0.410506462918679 1.2488316750891438e-22 8.761864986690399e-22
108.43659686896098 0.4617051720364623 0.4013273624026865 9.994541327212525e-23 2.6626846973949748e-22
116.2322468679853 0.450648002516467 0.3917161538918244 1.1008317720809946e-22 8.917580470373243e-22
124.58833642950081 0.4390897918502492 0.38166942606291543 2.5029023781344503e-23 3.865458631284818e-22
133.54515629298987 0.42702962115659565 0.371186380198086 1.2556174829946148e-22 5.496238501104206e-22
143.14589375234786 0.41447001026725355 0.3602692066072796 9.90063928964656e-23 8.83671646479828e-22
153.43684089300118 0.40141736847543125 0.3489234764317629 5.779301721112015e-23 6.550293918264274e-22
164.46761779946644 0.38788245618308737 0.337158542921184 3.209682661006448e-23 4.65950530293116e-22
176.2914118095948 0.3738808486357444 0.3249879445251461 4.0388724474347413e-23 9.076721981050523e-23
188.96523396912096 0.3594333906919898 0.3124298001918941 2.801771272776836e-23 4.899734949658325e-22
202.55019392306664 0.34456662914350145 0.29950718515326236 3.9957033878321766e-23 6.184012731462972e-22
217.1117945694503 0.32931320654176477 0.28624847325014063 9.369016606647915e-24 2.0993962708770373e-22
232.72024789604097 0.31371219789112725 0.2726876295957227 8.118399988049964e-23 2.388513634181539e-22
249.45081352303166 0.29780936906172656 0.2588644351954266 1.200179711504882e-22 7.220663182255521e-22
267.3841615839947 0.28165733352735556 0.24482462318793521 1.3234357212302377e-22 4.616990239419402e-22
286.606761694825 0.2653155822533622 0.23061990482461556 1.4559053465712584e-22 6.16493677137986e-22
307.2112998861756 0.24885036050274734 0.21630786238585228 2.2086955497159054e-23 7.678720277702083e-23
329.29712550971516 0.2323343652898474 0.201951686199123 4.418700445601535e-24 1.3087156006902092e-22
352.970730273065 0.21584623851675847 0.18761973405864835 1.1330094953029531e-22 2.9315544951640375e-22
378.3462617131929 0.1994698338196979 0.17338489394725318 2.1423351140905888e-23 6.380843121126838e-23
405.54607358408276 0.18329324016291698 0.15932373531622507 1.167834792237816e-22 7.972045027197163e-22
434.7013158125026 0.1674075525338903 0.14551544053835022 1.5099436396249473e-22 7.164736769615966e-22
465.9525668664682 0.1519053899125586 0.13204051668433153 1.5503453710721822e-22 9.643618869836362e-22
499.450511585514 0.1368791730617149 0.11897929852884115 1.4375923310703573e-22 5.872147504101171e-22
535.3566677410724 0.12241918945959579 0.10641026653450467 1.46139739042225e-22 6.434642908163599e-22
573.8441648302393 0.10861148944323867 0.09440821811943491 2.6443488324132813e-23 5.057206750573161e-22
615.0985788580505 0.09553567559641601 0.08304234612988408 1.2107585164355176e-22 1.0977195215390288e-21
659.3188271333548 0.08326266547508651 0.07237429413712766 1.3845954509609972e-22 9.6969676012406e-22
706.7181273927491 0.07185252441571767 0.06245627265236743 6.783043469520875e-23 1.564578892635773e-22
757.5250258771913 0.06135247858085036 0.053329332009012485 4.588722635688851e-24 1.5741997699245164e-22
811.9844993184009 0.051795226494068994 0.045021894700501774 1.4689275512363932e-23 3.2796219275240806e-22
870.3591361485165 0.043197667982836335 0.0375486505410131 1.162209829756224e-22 1.0706865070722381e-21
932.9304026284686 0.03556016076967357 0.030909910473207427 8.617395963374428e-23 1.0286893250484959e-21
1000.0 0.028866395550411126 0.025091497982672618 1.841162726083719e-23 9.115532945818509e-23
