0 0.0200000000000086
0.05 0.0202878915553428
0.1 0.0205376920208896
0.15000000000000002 0.0216982152377948
0.2 0.0222777632851009
0.25 0.0242926132357233
0.3 0.0253473803891141
0.35 0.0278983114130695
0.39999999999999997 0.0296282519638824
0.44999999999999996 0.0324801475873956
0.49999999999999994 0.0348747476335574
0.5499999999999999 0.0379733127582142
0.6 0.0408610965801665
0.65 0.0441968539758548
0.7000000000000001 0.0473828115554828
0.7500000000000001 0.0508914132344083
0.8000000000000002 0.0542106994665475
0.8500000000000002 0.0577616476951675
0.9000000000000002 0.061073017077967
0.9500000000000003 0.0644947343875348
1.0000000000000002 0.0676624973180174
1.0500000000000003 0.0707763783457242
1.1000000000000003 0.0736562507021687
1.1500000000000004 0.0763138124938109
1.2000000000000004 0.0787515579593031
1.2500000000000004 0.0808607807725754
1.3000000000000005 0.0827189401090214
1.3500000000000005 0.0842415311585682
1.4000000000000006 0.0854522304793407
1.4500000000000006 0.0863812958590244
1.5000000000000007 0.0869819599026635
1.5500000000000007 0.0873421257078704
1.6000000000000008 0.0874489114862316
1.6500000000000008 0.0873316276486731
1.7000000000000008 0.0870791112282446
1.7500000000000009 0.0866569811560795
1.800000000000001 0.0861810300277756
1.850000000000001 0.0856604555863254
1.900000000000001 0.0851287034282495
1.950000000000001 0.0846945238940906
2.000000000000001 0.0843126579308513
2.0500000000000007 0.084126499331501
2.1000000000000005 0.084099719257623
2.1500000000000004 0.0843254248558412
2.2 0.0848264761789004
2.25 0.0856309035652905
2.3 0.0868004257224171
2.3499999999999996 0.0883324471642152
2.3999999999999995 0.0902881888241308
2.4499999999999993 0.092663408012483
2.499999999999999 0.0954994812867945
2.549999999999999 0.0987971354356134
2.5999999999999988 0.1025774136337871
2.6499999999999986 0.1068413472556551
2.6999999999999984 0.1115947261973967
2.7499999999999982 0.116833700976326
2.799999999999998 0.1225526515691552
2.849999999999998 0.1287401738901307
2.8999999999999977 0.1353810921787224
2.9499999999999975 0.1424556211528199
2.9999999999999973 0.149939818321571
3.049999999999997 0.1578055013225762
3.099999999999997 0.1660203835483748
3.149999999999997 0.1745481365468346
3.1999999999999966 0.1833484892593218
3.2499999999999964 0.1923773342545567
3.2999999999999963 0.2015868623817771
3.349999999999996 0.2109257364200823
3.399999999999996 0.2203393233657704
3.4499999999999957 0.2297700088767811
3.4999999999999956 0.2391576226108422
3.5499999999999954 0.2484400069896813
3.599999999999995 0.257553763325653
3.649999999999995 0.2664352061846618
3.699999999999995 0.275021546986634
3.7499999999999947 0.2832523088407088
3.7999999999999945 0.2910709451007598
3.8499999999999943 0.2984265949342316
3.899999999999994 0.3052758647395416
3.949999999999994 0.311584483308123
3.999999999999994 0.3173286535720502
4.049999999999994 0.322495927388139
4.099999999999993 0.3270854700334236
4.149999999999993 0.3311076556811892
4.199999999999993 0.3345830295012215
4.249999999999993 0.3375407628093656
4.299999999999993 0.340016791375091
4.3499999999999925 0.3420518493298336
4.399999999999992 0.3436895919572282
4.449999999999992 0.3449749519850394
4.499999999999992 0.3459528132582024
4.549999999999992 0.3466670285652248
4.599999999999992 0.3471597646802485
4.6499999999999915 0.347471130561758
4.699999999999991 0.3476390325005329
4.749999999999991 0.3476991988540281
4.799999999999991 0.3476853224911918
4.849999999999991 0.3476292775958148
4.899999999999991 0.3475613765544406
4.94999999999999 0.3475106408503406
4.99999999999999 0.347505066554834
5.04999999999999 0.3475718700037496
5.09999999999999 0.3477377027135644
5.14999999999999 0.3480288267952743
5.1999999999999895 0.3484712433752792
5.249999999999989 0.3490907671387527
5.299999999999989 0.3499130403578567
5.349999999999989 0.3509634799186385
5.399999999999989 0.3522671511523923
5.449999999999989 0.353848562922305
5.4999999999999885 0.3557313795918528
5.549999999999988 0.3579380473435914
5.599999999999988 0.360489334901973
5.649999999999988 0.3634037920530374
5.699999999999988 0.3666971333750943
5.749999999999988 0.3703815591589207
5.799999999999987 0.3744650304069473
5.849999999999987 0.3789505198361282
5.899999999999987 0.3838352657749962
5.949999999999987 0.3891100605946138
5.999999999999987 0.3947586097993574
6.0499999999999865 0.400757002143795
6.099999999999986 0.4070733351800258
6.149999999999986 0.4136675444001362
6.199999999999986 0.4204914872554854
6.249999999999986 0.4274893349048678
6.299999999999986 0.4345983229143578
6.349999999999985 0.4417499048004646
6.399999999999985 0.448871336080956
6.449999999999985 0.4558876881393432
6.499999999999985 0.4627242486720796
6.549999999999985 0.4693092097284338
6.5999999999999845 0.4755764812574569
6.649999999999984 0.481468409546969
6.699999999999984 0.4869381427877273
6.749999999999984 0.4919513876784184
6.799999999999984 0.4964873525534783
6.849999999999984 0.5005387715130785
6.8999999999999835 0.5041110315854919
6.949999999999983 0.5072205502850088
6.999999999999983 0.5098926425291928
7.049999999999983 0.5121591537945352
7.099999999999983 0.5140561189464921
7.149999999999983 0.5156216479340892
7.199999999999982 0.5168941628515467
7.249999999999982 0.5179110365704827
7.299999999999982 0.5187076247038132
7.349999999999982 0.5193166450394968
7.399999999999982 0.5197678403097851
7.4499999999999815 0.5200878564788619
7.499999999999981 0.5203002741793147
7.549999999999981 0.5204257408805637
7.599999999999981 0.5204821625769434
7.649999999999981 0.5204849243141471
7.699999999999981 0.5204471178038969
7.7499999999999805 0.520379761442459
7.79999999999998 0.5202920033423993
7.84999999999998 0.520191301774738
7.89999999999998 0.5200835800030678
7.94999999999998 0.5199733541686354
7.99999999999998 0.5198638338986808
8.04999999999998 0.5197569958611452
8.09999999999998 0.5196536307290075
8.14999999999998 0.5195533640677594
8.199999999999982 0.5194546516092882
8.249999999999982 0.51935474930542
8.299999999999983 0.5192496585333042
8.349999999999984 0.5191340469221791
8.399999999999984 0.5190011455732184
8.449999999999985 0.5188426240393577
8.499999999999986 0.518648445444492
8.549999999999986 0.5184067056896672
8.599999999999987 0.5181034629768768
8.649999999999988 0.517722567061785
8.699999999999989 0.5172455018764507
8.74999999999999 0.5166512605514079
8.79999999999999 0.5159162783724714
8.84999999999999 0.51501445654883
8.899999999999991 0.5139173171521334
8.949999999999992 0.5125943359401995
8.999999999999993 0.5110135029940434
9.049999999999994 0.5091421583847672
9.099999999999994 0.5069481380822224
9.149999999999995 0.5044012407356662
9.199999999999996 0.501474986770321
9.249999999999996 0.4981485884421712
9.299999999999997 0.4944089888732634
9.349999999999998 0.490252771274109
9.399999999999999 0.4856877029129932
9.45 0.4807336789093959
9.5 0.4754228795708271
9.55 0.4697990498607382
9.600000000000001 0.4639159330237247
9.650000000000002 0.457835013080043
9.700000000000003 0.4516228120962964
9.750000000000004 0.4453480275762003
9.800000000000004 0.4390787801426244
9.850000000000005 0.4328801844649328
9.900000000000006 0.426812379100082
9.950000000000006 0.4209290733125962
10.000000000000007 0.4152766052742048
10.050000000000008 0.4098934638582075
10.100000000000009 0.404810199360168
10.15000000000001 0.4000496441749165
10.20000000000001 0.3956273612709586
10.25000000000001 0.3915522481647693
10.300000000000011 0.387827240374144
10.350000000000012 0.3844500492163425
10.400000000000013 0.3814139186956606
10.450000000000014 0.378708339293508
10.500000000000014 0.376319726720905
10.550000000000015 0.3742320367859668
10.600000000000016 0.3724272888111046
10.650000000000016 0.370886054526314
10.700000000000017 0.3695878078114522
10.750000000000018 0.3685112650336837
10.800000000000018 0.3676345979493132
10.85000000000002 0.3669356023883032
10.90000000000002 0.3663918192682303
10.95000000000002 0.3659805460887305
11.000000000000021 0.3656788678342119
11.050000000000022 0.3654635730429908
11.100000000000023 0.3653110705961036
11.150000000000023 0.3651972635553325
11.200000000000024 0.365097365634092
11.250000000000025 0.364985733453682
11.300000000000026 0.3648356449175192
11.350000000000026 0.364619080776559
11.400000000000027 0.3643065212513355
11.450000000000028 0.3638667307038439
11.500000000000028 0.3632666064041486
11.55000000000003 0.3624710847918388
11.60000000000003 0.3614431238791754
11.65000000000003 0.3601438608756464
11.700000000000031 0.358532916123442
11.750000000000032 0.3565689299612908
11.800000000000033 0.3542104098227082
11.850000000000033 0.3514167932423906
11.900000000000034 0.3481498992889452
11.950000000000035 0.344375593939027
12.000000000000036 0.3400655704595358
12.050000000000036 0.3351993568083838
12.100000000000037 0.329765840418131
12.150000000000038 0.323764822196312
12.200000000000038 0.3172077520391398
12.250000000000039 0.3101177559374908
12.30000000000004 0.302529622544445
12.35000000000004 0.2944876454260678
12.400000000000041 0.286045544160739
12.450000000000042 0.2772625011169662
12.500000000000043 0.2682034551024742
12.550000000000043 0.2589351165592314
12.600000000000044 0.2495252682980707
12.650000000000045 0.2400425950758412
12.700000000000045 0.2305501589987916
12.750000000000046 0.2211164330689456
12.800000000000047 0.2117927788158298
12.850000000000048 0.202649204672642
12.900000000000048 0.1937175930672365
12.950000000000049 0.18507552609544
13.00000000000005 0.1767251432360176
13.05000000000005 0.1687620860429664
13.100000000000051 0.161145510137676
13.150000000000052 0.1540019954155773
13.200000000000053 0.1472358872882377
13.250000000000053 0.1410103579267517
13.300000000000054 0.135180523265925
13.350000000000055 0.1299206569691175
13.400000000000055 0.1250902487343505
13.450000000000056 0.1207861720261158
13.500000000000057 0.1169957583060487
13.550000000000058 0.1135930587499172
13.600000000000058 0.1108331215133214
13.650000000000059 0.1082788806182082
13.70000000000006 0.1064422452088464
13.75000000000006 0.1047259626866771
13.800000000000061 0.1036101583693135
13.850000000000062 0.1027174989449206
13.900000000000063 0.1021325444802084
13.950000000000063 0.1019260932295403
14.000000000000064 0.1017992556737785
14.050000000000065 0.1020050351912057
14.100000000000065 0.1023038882334572
14.150000000000066 0.102684350070748
14.200000000000067 0.1032398688373378
14.250000000000068 0.1037153908411995
14.300000000000068 0.1042395988729733
14.350000000000069 0.1047506348065805
14.40000000000007 0.1050537073771137
14.45000000000007 0.1053822200207951
14.500000000000071 0.1054442595644238
14.550000000000072 0.1053038356377982
14.600000000000072 0.1050815413057276
14.650000000000073 0.1043559582171547
14.700000000000074 0.1036309653719147
14.750000000000075 0.1024160272007025
14.800000000000075 0.1009204024792785
14.850000000000076 0.0993310388638277
14.900000000000077 0.0969871944558058
14.950000000000077 0.0949960030659999
15.000000000000078 0.0919946098256516
15.050000000000079 0.0894690308111914
15.10000000000008 0.0861443671767618
15.15000000000008 0.0829934665588148
15.200000000000081 0.0796546964464811
15.250000000000082 0.0759255790979467
15.300000000000082 0.0727728713615498
15.350000000000083 0.0686460786755132
15.400000000000084 0.065772682040334
15.450000000000085 0.0615109152160723
15.500000000000085 0.0589267437116476
15.550000000000086 0.0548403185647656
15.600000000000087 0.0524786528891617
15.650000000000087 0.0489106076601635
15.700000000000088 0.0466486134364415
15.750000000000089 0.0439155775565914
15.80000000000009 0.041677456722832
15.85000000000009 0.0399191242592518
15.900000000000091 0.0378415487137477
15.950000000000092 0.0369004185993906
16.000000000000092 0.0353482149647303
16.050000000000093 0.0349208821211258
16.100000000000094 0.0341926987295704
16.150000000000095 0.0341750636884678
16.200000000000095 0.034226809570817
16.250000000000096 0.0347688736616172
16.300000000000097 0.035404192888431
16.350000000000097 0.0365870900487172
16.400000000000098 0.0377848865258824
16.4500000000001 0.0394728425690188
16.5000000000001 0.0413049412891826
16.5500000000001 0.0433551567836653
16.6000000000001 0.0457571236889528
16.6500000000001 0.0481504968137649
16.700000000000102 0.0509344303042753
16.750000000000103 0.0536772683125276
16.800000000000104 0.0566629005006607
16.850000000000104 0.0596806135997831
16.900000000000105 0.0627587112200429
16.950000000000106 0.0658830556065145
17.000000000000107 0.0689891516206075
17.050000000000107 0.0720325111883757
17.100000000000108 0.075054710005496
17.15000000000011 0.0779102486303414
17.20000000000011 0.080648694783525
17.25000000000011 0.0832627641312821
17.30000000000011 0.0855586902127648
17.35000000000011 0.08778788484051
17.400000000000112 0.0896463045243371
17.450000000000113 0.09127952988535
17.500000000000114 0.0927457101533788
17.550000000000114 0.0937315310446421
17.600000000000115 0.0947226600658084
17.650000000000116 0.095240667308254
17.700000000000117 0.0956453986530079
17.750000000000117 0.0959071378767101
17.800000000000118 0.0957966418861959
17.85000000000012 0.0958939700704261
17.90000000000012 0.0955320457796737
17.95000000000012 0.0955024691351517
18.00000000000012 0.0951890548831984
18.05000000000012 0.0951325976233601
18.100000000000122 0.0950941924693804
18.150000000000123 0.0951927134032231
18.200000000000124 0.0955803445667627
18.250000000000124 0.0960488538150094
18.300000000000125 0.096969720798122
18.350000000000126 0.0980161407204741
18.400000000000126 0.0995468471723574
18.450000000000127 0.1013537220190895
18.500000000000128 0.1035519757595423
18.55000000000013 0.1062441313936209
18.60000000000013 0.1091892913686172
18.65000000000013 0.1127848076064778
18.70000000000013 0.1166027095967176
18.75000000000013 0.1210328374477433
18.800000000000132 0.1258148100223588
18.850000000000133 0.1310426889391854
18.900000000000134 0.1367406340721
18.950000000000134 0.1427949446001849
19.000000000000135 0.1492844679614323
19.050000000000136 0.1561367226360997
19.100000000000136 0.1633302166119226
19.150000000000137 0.1708575635119262
19.200000000000138 0.1786650760449627
19.25000000000014 0.1867269536999909
19.30000000000014 0.1950054164271294
19.35000000000014 0.203454129646527
19.40000000000014 0.2120325418154278
19.45000000000014 0.2206927844256214
19.500000000000142 0.2293859700950002
19.550000000000143 0.2380624939527272
19.600000000000144 0.2466705114554934
19.650000000000144 0.2551582652872857
19.700000000000145 0.2634737436455203
19.750000000000146 0.2715658026426845
19.800000000000146 0.2793847874322833
19.850000000000147 0.2868835094849529
19.900000000000148 0.2940180877610627
19.95000000000015 0.3007490107468061
20.00000000000015 0.3070420613147013
