1 -25.142253953183587 -24.960611387431943
2 -24.42833760972226 -22.850161598959215
3 -23.707862811527374 -22.290637532321497
4 -22.981373236105213 -21.922541860329808
5 -22.249333125815376 -21.79825118088494
6 -21.51214359701244 -21.79066455170273
7 -20.770154727564325 -21.559905691342976
8 -20.023674717969012 -21.558743844076417
9 -19.272976968301762 -19.88683016553464
10 -18.518305636106792 -18.769373339237504
11 -17.759880064750913 -17.910772591609373
12 -16.997898357018833 -17.098555216618404
13 -16.232540291798397 -16.303781561040896
14 -15.46396972889912 -15.516404463059684
15 -14.69233661005732 -14.731996507953658
16 -13.917778637800929 -13.948357043280758
17 -13.140422694712885 -13.164309705810474
18 -12.360386051551677 -12.379197071603617
19 -11.577777402185342 -11.592643487817005
20 -10.792697755369781 -10.804434474368497
21 -10.00524120733553 -10.01445149082353
22 -9.215495614485574 -9.22263486510367
23 -8.423543181857314 -8.428961859534967
24 -7.629460980144932 -7.633433253200701
25 -6.833321401807396 -6.836064903269254
26 -6.035192564977859 -6.0368823142543615
27 -5.235138672434112 -5.235917076483244
28 -4.433220331704579 -4.433204494880338
29 -3.629494841430659 -3.628781992014024
30 -2.824016448309915 -2.8226880241373875
31 -2.0168365783001265 -2.0149613425744977
32 -1.2080040452239629 -1.2056404907865397
33 -0.3975652394618743 -0.3947634641379703
34 0.41443570094781434 0.4176325169516382
35 1.2279567348052707 1.2315111542513968
36 2.0429577761071425 2.0468371627813196
37 2.859400564761786 2.8635763221081487
38 3.6772485483443518 3.6816954994862083
39 4.496466773743674 4.501162653123624
40 5.317021787690925 5.321946821517808
41 6.13888154527978 6.144018103150562
42 6.962015325699003 6.967347629651992
43 7.786393654475779 7.791907534691968
44 8.611988231624673 8.617670920241189
45 9.43877186514594 9.444611821395139
46 10.266718409392784 10.272705170623441
47 11.095802707868744 11.101926762065778
48 11.926000540068374 11.93225321631516
49 12.75728857200907 12.763661945997566
50 13.589644310145191 13.596131122357626
51 14.423046058376656 14.429639642988203
52 15.257472877902643 15.264167100786757
53 16.09290454968742 16.099693754182375
54 16.929321539331333 16.936200498647878
55 17.766704964159228 17.773668839489964
56 18.605036562353142 18.612080865896107
57 19.44429866397651 19.451419226205246
58 20.284474163746943 20.291667104362364
59 21.125546495427084 21.132808197512915
60 21.967499607719063 21.974826694689725
61 22.810317941551787 22.817707256543216
62 23.65398640866365 23.6614349960665
63 24.498490371390872 24.50599546026663
64 25.114279824867626 25.114084565972384
65 25.343815623577328 25.351374612732823
66 26.189948372530022 26.19755881705121
67 26.336629402956905 26.336085452461433
68 27.036875221951476 27.04453482099313
69 27.556603003768345 27.555727272256632
70 27.88458315578282 27.892289741286817
71 28.733059522906707 28.740811048249086
72 28.7742787337275 28.77308709826148
73 29.582292022686563 29.59008654692592
74 29.98973043490202 29.988237811672068
75 30.4322686914788 30.44010434138821
76 31.203028007022425 31.20124841905875
77 31.282977891085828 31.29085272437308
78 32.13440830387393 32.142319796102356
79 32.414237698722395 32.412184338795306
80 32.98654895773614 32.994492055426605
81 33.62342237153134 33.621107660446256
82 33.83938937336008 33.84734995767798
83 34.6929202307624 34.70085358331332
84 34.83064173968518 34.82807738022028
85 35.54713584284582 35.55490697679866
86 36.03595258841719 36.03314961517465
87 36.40204327312716 36.409266543517376
88 37.239408973052804 37.236377798501465
89 37.25768974124837 37.263404124201095
90 38.11424676771147 38.1163218220293
91 38.441062400939316 38.43781285792381
92 38.97220088224911 38.96692416927936
93 39.64096199799219 39.63750337897545
94 39.832817019797126 39.81531530458274
95 40.69876105740279 40.666214562511925
96 40.839154661424224 40.83549575471695
97 41.57523445050013 41.5306235803008
98 42.035685200038415 42.031834323255175
99 42.46983889687478 42.42256460211667
100 43.23059646330531 43.22656149427032
101 43.393379845623436 43.35315286817705
102 44.3557186846609 44.32694736839147
103 44.42392946030446 44.419717865615056
104 45.368674069261864 45.3506150699206
105 45.615723469491215 45.61134233093018
106 46.43769309629232 46.427521670582394
107 46.80601614014077 46.80147217911455
108 47.573604223672795 47.568753933143746
109 47.99484358623236 47.99014318639711
110 48.77678553829918 48.77528271422899
111 49.18224047345207 49.177389701676304
112 50.06135458922878 50.0619740200972
113 50.36824009992415 50.36324472572376
114 51.42446693335676 51.42714422208697
115 51.552874471216114 51.54773998478657
116 52.73617437010806 52.73090599906744
117 52.88919567623807 52.89275253877832
118 53.9181694215682 53.912772146514776
119 54.44972697694656 54.453258204972784
120 55.09888815333222 55.09336672231168
121 56.14660237636158 56.150725262996225
122 56.278358052445434 56.27271699441445
123 57.456605618094486 57.450849255459424
124 57.96997140116763 57.974285768298024
125 58.63365641102083 58.62778887132488
126 59.80953509978543 59.80356032660907
127 59.998429712403855 60.00277298522271
128 60.9842655041262 60.97818726726245
129 62.15787063562925 62.15169254058894
130 62.21712584487656 62.22129713240023
131 63.330372735916214 63.3240982328127
132 64.50179331252937 64.49542570439208
133 64.81766220421672 64.82150052841449
134 65.67215317268555 65.6656956232408
135 66.8414724550478 66.83492799600967
136 67.7969242864894 67.800093882512
137 68.00977065966089 68.00314219756534
138 69.17706667617409 69.17035699879122
139 70.34337881047395 70.33659059282648
140 71.50872480983284 71.50186061985075
141 72.22103502451715 72.22303253764974
142 72.67312188667535 72.66618419051049
143 73.83658674105273 73.82957790807866
144 74.99913558191253 74.99205788942976
145 76.16078414724022 76.1536397849078
146 77.32154772314645 77.31433879715713
147 78.48144116196359 78.47416969898362
148 79.64047889942185 79.63314685030373
149 80.79867497094925 80.79128421424107
150 81.95604302716374 81.94859537242093
151 83.11259634859421 83.10509353951088
152 84.26834785968401 84.26079157705358
153 85.42331014211722 85.41570200663327
154 86.57749544750585 86.56983702241445
155 87.73091570947771 87.72320850308923
156 88.88358255520082 88.8758280232682
157 90.03550731636761 90.02770686434413
158 91.18670103968132 91.17885602486092
159 92.33717449686539 92.3292862304121
160 93.48693819421896 93.47900794309878
161 94.63600238175667 94.62803137056187
162 95.78437706192868 95.77636647463875
163 96.9320719980061 96.92402297958081
164 98.0790967219533 98.07101038010887
165 99.22546054248421 99.21733794855255
166 100.37117255099616 100.36301474338752
167 101.51624163328292 101.50804961248949
168 102.66067646037386 102.65245121020243
169 103.80448554784489 103.79622797572898
170 104.94767708659458 104.93938821094056
171 106.09025951877751 106.0819399183925
172 107.23223970388688 107.22389114655363
173 108.37362871701956 108.3652495258885
174 109.5144238119919 109.5060219430562
175 110.6546630438466 110.64622066061702
176 111.79426244294478 111.78583055550341
177 112.93348585618853 112.9249432166146
178 114.07161595185016 114.06327210617258
179 115.21057492248262 115.20174504701146
180 116.3453023757476 116.33760549030849
181 117.48824442428827 117.47847677962882
182 118.6089159403167 118.60388225073885
183 119.77588677877651 119.7638779845806
184 120.8365411911434 120.839525097573
185 122.10089839750269 122.08600205480441
186 122.97076118645803 122.97101557446707
187 124.5156449373335 124.49949457326035
188 125.05173941194992 125.0180102696906
189 127.08386282044532 127.06820619059638
190 127.34477097131624 127.31836976638203
191 129.86053161322263 129.8484014836579
192 129.98556447692724 129.9751880851502
193 132.8928575425805 132.87875155031125
194 132.958604219035 132.93998477422
195 136.23839959526492 136.22571727247308
196 136.27641004554184 136.26353081079407
197 139.99169381251858 139.979503346064
198 140.01522401526105 140.00298486319127
199 144.3399809908621 144.3281393076221
200 144.35511760722864 144.34326359957083
201 149.77792942200207 149.76641201987283
202 149.78765796871053 149.77613851617772
