-7.5 0.0 0.0
-7.4 0.0 0.0
-7.3 0.0 0.0
-7.2 0.0 0.0
-7.1 0.0 0.0
-7.0 0.0 0.0
-6.9 0.0 0.0
-6.8 0.0 0.0
-6.7 0.0 0.0
-6.6 0.0 0.0
-6.5 0.0 0.0
-6.4 0.0 0.0
-6.3 0.0 0.0
-6.2 0.0 0.0
-6.1 0.0 0.0
-6.0 0.0 0.0
-5.9 0.0 0.0
-5.8 0.0 0.0
-5.7 0.0 0.0
-5.6 0.0 0.0
-5.5 0.0 0.0
-5.4 0.0 0.0
-5.3 0.0 0.0
-5.2 0.0 0.0
-5.1 0.0 0.0
-5.0 1.0e-8 0.0
-4.9 1.0e-8 0.0
-4.8 2.0e-8 0.0
-4.7 5.0e-8 0.0
-4.6 1.0e-7 0.0
-4.5 2.0e-7 0.0
-4.4 3.8e-7 0.0
-4.3 7.2e-7 0.0
-4.2 1.35e-6 0.0
-4.1 2.48e-6 0.0
-4.0 4.49e-6 0.0
-3.9 8.01e-6 0.0
-3.8 1.408e-5 0.0
-3.7 2.437e-5 0.0
-3.6 4.154e-5 1.0e-8
-3.5 6.973e-5 2.0e-8
-3.4 0.00011527 5.0e-8
-3.3 0.00018769 1.4e-7
-3.2 0.00030102 3.7e-7
-3.1 0.00047554 9.1e-7
-3.0 0.00074003 2.19e-6
-2.9 0.00113448 5.08e-6
-2.8 0.00171336 1.144e-5
-2.7 0.00254933 2.499e-5
-2.6 0.00373719 5.296e-5
-2.5 0.00539792 0.00010888
-2.4 0.00768222 0.00021725
-2.3 0.01077319 0.00042084
-2.2 0.01488732 0.00079158
-2.1 0.02027307 0.00144601
-2.0 0.0272063 0.00256589
-1.9 0.03598176 0.00442345
-1.8 0.04690001 0.00740986
-1.7 0.06024984 0.01206273
-1.6 0.07628602 0.01908634
-1.5 0.09520362 0.0293557
-1.4 0.11710998 0.04389363
-1.3 0.1419967 0.06381049
-1.2 0.16971397 0.09019915
-1.1 0.19995046 0.12398452
-1.0 0.23222148 0.1657366
-0.9 0.26586822 0.21546831
-0.8 0.30007004 0.27245034
-0.7 0.33387074 0.33508292
-0.6 0.36621831 0.40086428
-0.5 0.39601661 0.46648638
-0.4 0.42218537 0.52806924
-0.3 0.44372444 0.58151941
-0.2 0.45977672 0.6229707
-0.1 0.46968455 0.64924293
0.0 0.47303422 0.65824366
0.1 0.46968455 0.64924293
0.2 0.45977672 0.6229707
0.3 0.44372444 0.58151941
0.4 0.42218537 0.52806924
0.5 0.39601661 0.46648638
0.6 0.36621831 0.40086428
0.7 0.33387074 0.33508292
0.8 0.30007004 0.27245034
0.9 0.26586822 0.21546831
1.0 0.23222148 0.1657366
1.1 0.19995046 0.12398452
1.2 0.16971397 0.09019915
1.3 0.1419967 0.06381049
1.4 0.11710998 0.04389363
1.5 0.09520362 0.0293557
1.6 0.07628602 0.01908634
1.7 0.06024984 0.01206273
1.8 0.04690001 0.00740986
1.9 0.03598176 0.00442345
2.0 0.0272063 0.00256589
2.1 0.02027307 0.00144601
2.2 0.01488732 0.00079158
2.3 0.01077319 0.00042084
2.4 0.00768222 0.00021725
2.5 0.00539792 0.00010888
2.6 0.00373719 5.296e-5
2.7 0.00254933 2.499e-5
2.8 0.00171336 1.144e-5
2.9 0.00113448 5.08e-6
3.0 0.00074003 2.19e-6
3.1 0.00047554 9.1e-7
3.2 0.00030102 3.7e-7
3.3 0.00018769 1.4e-7
3.4 0.00011527 5.0e-8
3.5 6.973e-5 2.0e-8
3.6 4.154e-5 1.0e-8
3.7 2.437e-5 0.0
3.8 1.408e-5 0.0
3.9 8.01e-6 0.0
4.0 4.49e-6 0.0
4.1 2.48e-6 0.0
4.2 1.35e-6 0.0
4.3 7.2e-7 0.0
4.4 3.8e-7 0.0
4.5 2.0e-7 0.0
4.6 1.0e-7 0.0
4.7 5.0e-8 0.0
4.8 2.0e-8 0.0
4.9 1.0e-8 0.0
5.0 1.0e-8 0.0
5.1 0.0 0.0
5.2 0.0 0.0
5.3 0.0 0.0
5.4 0.0 0.0
5.5 0.0 0.0
5.6 0.0 0.0
5.7 0.0 0.0
5.8 0.0 0.0
5.9 0.0 0.0
6.0 0.0 0.0
6.1 0.0 0.0
6.2 0.0 0.0
6.3 0.0 0.0
6.4 0.0 0.0
6.5 0.0 0.0
6.6 0.0 0.0
6.7 0.0 0.0
6.8 0.0 0.0
6.9 0.0 0.0
7.0 0.0 0.0
7.1 0.0 0.0
7.2 0.0 0.0
7.3 0.0 0.0
7.4 0.0 0.0
7.5 0.0 0.0
