0.0 -2.38e-6 0.0
0.05 -2.43e-6 0.0
0.1 -2.49e-5 0.0
0.15000000000000002 1.342e-5 0.0
0.2 8.0e-8 0.0
0.25 -8.2e-7 0.0
0.3 -6.9e-7 0.0
0.35 -2.73e-6 0.0
0.39999999999999997 -5.31e-6 0.0
0.44999999999999996 -4.22e-6 0.0
0.49999999999999994 1.913e-5 -4.891e-5
0.5499999999999999 0.0001548 -0.00016718
0.6 0.00030896 -0.00023614
0.65 0.00028081 -0.00022455
0.7000000000000001 0.00021725 -0.00017515
0.7500000000000001 0.0001306 -0.00011921
0.8000000000000002 9.238e-5 -7.522e-5
0.8500000000000002 5.948e-5 -4.582e-5
0.9000000000000002 3.993e-5 -2.757e-5
0.9500000000000003 0.00016482 -0.00021079
1.0000000000000002 0.00059353 -0.00060798
1.0500000000000003 0.0012033 -0.00103283
1.1000000000000003 0.00161802 -0.00126292
1.1500000000000004 0.00155193 -0.00118069
1.2000000000000004 0.00124523 -0.00093044
1.2500000000000004 0.00077426 -0.00061973
1.3000000000000005 0.0005197 -0.00037312
1.3500000000000005 0.00036722 -0.00020582
1.4000000000000006 0.00038863 -0.00022776
1.4500000000000006 0.00068278 -0.00051262
1.5000000000000007 0.00130031 -0.00098082
1.5500000000000007 0.00210418 -0.00154345
1.6000000000000008 0.0029585 -0.00197061
1.6500000000000008 0.0028066 -0.00197384
1.7000000000000008 0.00221106 -0.00163527
1.7500000000000009 0.00138706 -0.00105363
1.800000000000001 0.00072965 -0.00053918
1.850000000000001 0.00038102 -0.00022268
1.900000000000001 0.00031292 -0.00019651
1.950000000000001 0.00062553 -0.00040063
2.000000000000001 0.00108663 -0.00073019
2.0500000000000007 0.00185022 -0.00124254
2.1000000000000005 0.00321932 -0.00174562
2.1500000000000004 0.00321274 -0.00212753
2.2 0.00294248 -0.00201645
2.25 0.00202128 -0.00147587
2.3 0.00098468 -0.00078766
2.3499999999999996 0.00037115 -0.00028101
2.3999999999999995 0.00020936 -4.799e-5
2.4499999999999993 0.00023162 -0.00011322
2.499999999999999 0.00039728 -0.00025436
2.549999999999999 0.0007635 -0.00052424
2.5999999999999988 0.00142261 -0.00098104
2.6499999999999986 0.00229949 -0.0015071
2.6999999999999984 0.00291947 -0.00190696
2.7499999999999982 0.00279788 -0.00183825
2.799999999999998 0.00203089 -0.00137351
2.849999999999998 0.00092087 -0.00078761
2.8999999999999977 0.00047262 -0.00031888
2.9499999999999975 0.0002186 -9.029e-5
2.9999999999999973 6.819e-5 -3.793e-5
3.049999999999997 0.00019935 -7.843e-5
3.099999999999997 0.00031825 -0.00020137
3.149999999999997 0.00060882 -0.00043724
3.1999999999999966 0.0011074 -0.00082094
3.2499999999999964 0.00161974 -0.00117124
3.2999999999999963 0.00177155 -0.00123618
3.349999999999996 0.00142727 -0.00103401
3.399999999999996 0.0009231 -0.0006634
3.4499999999999957 0.00056615 -0.00031313
3.4999999999999956 0.00032212 -0.00010953
3.5499999999999954 0.00019242 -5.527e-5
3.599999999999995 0.0001128 -4.386e-5
3.649999999999995 0.00013976 -3.65e-5
3.699999999999995 0.0002003 -4.751e-5
3.7499999999999947 0.00024986 -9.766e-5
3.7999999999999945 0.00026174 -0.00014032
3.8499999999999943 0.00019475 -0.00012025
3.899999999999994 0.00012434 -4.582e-5
3.949999999999994 0.00015244 -4.554e-5
3.999999999999994 0.0002097 -6.55e-5
4.049999999999994 0.00021867 -6.381e-5
4.099999999999993 0.00020211 -5.544e-5
4.149999999999993 0.00016373 -4.751e-5
4.199999999999993 0.00017921 -4.19e-5
4.249999999999993 0.00022294 -4.823e-5
4.299999999999993 0.00030735 -6.025e-5
4.3499999999999925 0.0002193 -5.33e-5
4.399999999999992 0.00018623 -4.106e-5
4.449999999999992 0.00012512 -4.418e-5
4.499999999999992 0.00014536 -4.702e-5
4.549999999999992 0.00021476 -4.912e-5
4.599999999999992 0.00022463 -4.907e-5
4.6499999999999915 0.00021157 -4.841e-5
4.699999999999991 0.00011131 -4.672e-5
4.749999999999991 0.00012909 -4.537e-5
4.799999999999991 0.00023252 -4.64e-5
4.849999999999991 0.00026849 -7.63e-5
4.899999999999991 0.00030396 -0.00011884
4.94999999999999 0.00033417 -0.00013596
4.99999999999999 0.0002516 -0.00011841
5.04999999999999 0.00022999 -8.387e-5
5.09999999999999 0.00019631 -5.865e-5
5.14999999999999 0.00019821 -4.966e-5
5.1999999999999895 0.00022411 -4.936e-5
5.249999999999989 0.00014617 -4.783e-5
5.299999999999989 0.00016512 -4.559e-5
5.349999999999989 0.00017846 -4.353e-5
5.399999999999989 0.00018803 -0.00012462
5.449999999999989 0.00058536 -0.00039816
5.4999999999999885 0.00069928 -0.00055987
5.549999999999988 0.00080733 -0.00052642
5.599999999999988 0.000754 -0.00041459
5.649999999999988 0.00051221 -0.00028852
5.699999999999988 0.00036829 -0.00019099
5.749999999999988 0.00030765 -0.00012475
5.799999999999987 0.00027082 -0.00012768
5.849999999999987 0.0004366 -0.0003765
5.899999999999987 0.00091126 -0.00087761
5.949999999999987 0.00177264 -0.00140115
5.999999999999987 0.00228545 -0.00163935
6.0499999999999865 0.00227442 -0.00158712
6.099999999999986 0.00190056 -0.00124814
6.149999999999986 0.00142028 -0.00085292
6.199999999999986 0.00113191 -0.00051117
6.249999999999986 0.01379753 -0.00047943
6.299999999999986 0.00145548 -0.00079866
6.349999999999985 0.00216771 -0.00125167
6.399999999999985 0.00314317 -0.00184583
6.449999999999985 0.00412648 -0.00247106
6.499999999999985 0.00470369 -0.0028932
6.549999999999985 0.00439008 -0.00280368
6.5999999999999845 0.00336929 -0.00224757
6.649999999999984 0.00211832 -0.00144967
6.699999999999984 0.00126098 -0.00076023
6.749999999999984 0.00100042 -0.00030358
6.799999999999984 0.00122047 -0.00060376
6.849999999999984 0.00197104 -0.00105402
6.8999999999999835 0.00308033 -0.00172577
6.949999999999983 0.00447889 -0.00254449
6.999999999999983 0.00588123 -0.00325342
7.049999999999983 0.00655114 -0.00377261
7.099999999999983 0.00593297 -0.00358779
7.149999999999983 0.00397574 -0.00269507
7.199999999999982 0.00176799 -0.00142857
7.249999999999982 0.00051404 -0.00041111
7.299999999999982 0.00029148 -0.00012469
7.349999999999982 0.00037196 -0.00020375
7.399999999999982 0.00025734 -0.00035545
7.4499999999999815 0.0009034 -0.00061124
7.499999999999981 0.00159073 -0.00105712
7.549999999999981 0.00258352 -0.00163791
7.599999999999981 0.0035796 -0.00217744
7.649999999999981 0.00394994 -0.00241485
7.699999999999981 0.00338563 -0.00210441
7.7499999999999805 0.00218105 -0.00142296
7.79999999999998 0.00104571 -0.00071819
7.84999999999998 0.00042704 -0.00024935
7.89999999999998 0.00030296 -5.535e-5
7.94999999999998 0.00028443 -5.309e-5
7.99999999999998 0.00023195 -7.142e-5
8.04999999999998 0.00016434 -9.721e-5
8.09999999999998 0.00033063 -0.00014731
8.14999999999998 0.00052892 -0.00024274
8.199999999999982 0.00076724 -0.0004069
8.249999999999982 0.00098971 -0.00055466
8.299999999999983 0.00104118 -0.00060715
8.349999999999984 0.00106274 -0.00059689
8.399999999999984 0.0009904 -0.00053856
8.449999999999985 0.00091637 -0.00047562
8.499999999999986 0.00080279 -0.0004239
8.549999999999986 0.00068923 -0.00039016
8.599999999999987 0.00068294 -0.00038576
8.649999999999988 0.00076284 -0.00037717
8.699999999999989 0.00084646 -0.00038449
8.74999999999999 0.00092313 -0.00040433
8.79999999999999 0.00087101 -0.00042061
8.84999999999999 0.00082422 -0.00043635
8.899999999999991 0.00074593 -0.00044956
8.949999999999992 0.00079587 -0.00045963
8.999999999999993 0.00083533 -0.00046119
9.049999999999994 0.00083574 -0.00045314
9.099999999999994 0.00089577 -0.00045131
9.149999999999995 0.00057784 -0.00043463
9.199999999999996 0.00095484 -0.00042313
9.249999999999996 0.00110635 -0.00041938
9.299999999999997 0.00106559 -0.00041717
9.349999999999998 0.00091419 -0.00042177
9.399999999999999 0.00083814 -0.00043596
9.45 0.0007773 -0.00045787
9.5 0.00079396 -0.00048022
9.55 0.00083599 -0.00049216
9.600000000000001 0.00086575 -0.00050869
9.650000000000002 0.00092394 -0.00050274
9.700000000000003 0.00089201 -0.00047438
9.750000000000004 0.00091498 -0.00043525
9.800000000000004 0.00113187 -0.00042066
9.850000000000005 0.00096331 -0.0004208
9.900000000000006 0.00082996 -0.00043985
9.950000000000006 0.00085322 -0.00048482
10.000000000000007 0.00087208 -0.00054804
