0 -2.38e-6 0.0
0.1 -2.771e-5 0.0
0.2 1.228e-5 0.0
0.30000000000000004 -2.39e-5 0.0
0.4 0.00266371 0.00741953
0.5 0.01341326 0.02985957
0.6 0.01282342 0.01713887
0.7 0.00779792 0.00039927
0.7999999999999999 0.00766801 4.77e-6
0.8999999999999999 0.02142452 0.00612752
0.9999999999999999 0.03414398 0.02255334
1.0999999999999999 0.02568547 0.02938904
1.2 0.01758838 0.02152864
1.3 0.02207474 0.13802976
1.4000000000000001 0.04514898 0.14117335
1.5000000000000002 0.06594591 0.07018294
1.6000000000000003 0.04077525 0.02436334
1.7000000000000004 0.02052951 0.16942878
1.8000000000000005 0.04063063 0.51303094
1.9000000000000006 0.09596233 0.43251744
2.0000000000000004 0.13107454 0.35024011
2.1000000000000005 0.09966303 0.3609386
2.2000000000000006 0.08194797 0.45028578
2.3000000000000007 0.12239206 0.48535194
2.400000000000001 0.18569554 0.467769
2.500000000000001 0.22114795 0.46577606
2.600000000000001 0.21164535 0.45106159
2.700000000000001 0.20953498 0.39550327
2.800000000000001 0.23516922 0.36360009
2.9000000000000012 0.27852576 0.37378878
3.0000000000000013 0.3121219 0.37810276
3.1000000000000014 0.32408976 0.35501665
3.2000000000000015 0.3098698 0.30260692
3.3000000000000016 0.31252831 0.25296311
3.4000000000000017 0.35134443 0.24326793
3.5000000000000018 0.39225312 0.24466236
3.600000000000002 0.40337859 0.24285844
3.700000000000002 0.36744157 0.22319793
3.800000000000002 0.34439833 0.17532756
3.900000000000002 0.39593975 0.14944113
4.000000000000002 0.4488973 0.15029203
4.100000000000001 0.44428887 0.16599361
4.200000000000001 0.39299375 0.1720622
4.300000000000001 0.37569883 0.12638594
4.4 0.43306001 0.094779
4.5 0.45658578 0.10018852
4.6 0.4401711 0.12286451
4.699999999999999 0.41701145 0.13524157
4.799999999999999 0.42675168 0.09941261
4.899999999999999 0.45533973 0.06778056
4.999999999999998 0.44170301 0.070526
5.099999999999998 0.42071393 0.09058222
5.1999999999999975 0.42135428 0.12064749
5.299999999999997 0.43527359 0.13132348
5.399999999999997 0.46971337 0.10655508
5.4999999999999964 0.4845539 0.08511486
5.599999999999996 0.44854292 0.09847131
5.699999999999996 0.40857394 0.15128316
5.799999999999995 0.40299463 0.17412629
5.899999999999995 0.45945876 0.154978
5.999999999999995 0.51088419 0.13572387
6.099999999999994 0.47338264 0.14686173
6.199999999999994 0.39818042 0.1941173
6.299999999999994 0.40503408 0.20764809
6.399999999999993 0.48725489 0.19154715
6.499999999999993 0.53581536 0.18620977
6.5999999999999925 0.47780916 0.20854071
6.699999999999992 0.40270538 0.24527694
6.799999999999992 0.43201294 0.24288638
6.8999999999999915 0.50567744 0.22313595
6.999999999999991 0.52698963 0.21996696
7.099999999999991 0.48540585 0.23522012
7.19999999999999 0.437213 0.25575125
7.29999999999999 0.44796197 0.25496326
7.39999999999999 0.48071047 0.22960537
7.499999999999989 0.48963941 0.20704944
7.599999999999989 0.47470358 0.20626344
7.699999999999989 0.43816569 0.22577846
7.799999999999988 0.42305658 0.24514611
7.899999999999988 0.43611743 0.23684082
7.999999999999988 0.44419968 0.21550078
8.099999999999987 0.43918754 0.21077818
8.199999999999987 0.40872758 0.23622475
8.299999999999986 0.38511429 0.27803292
8.399999999999986 0.39533374 0.29730455
8.499999999999986 0.40507357 0.28589903
8.599999999999985 0.4005835 0.2736176
8.699999999999985 0.37289261 0.28143076
8.799999999999985 0.35300476 0.31636198
8.899999999999984 0.37304832 0.35899275
8.999999999999984 0.38648849 0.36876914
9.099999999999984 0.36956152 0.34286199
9.199999999999983 0.3548142 0.31110313
9.299999999999983 0.35771441 0.31125675
9.399999999999983 0.37348336 0.34562517
9.499999999999982 0.37603218 0.37043022
9.599999999999982 0.35540466 0.35228007
9.699999999999982 0.35599964 0.30841122
9.799999999999981 0.38292414 0.27333374
9.89999999999998 0.41111256 0.26046442
9.99999999999998 0.40703284 0.26960979
