0.0 0.0 1.0 0.0 1.0
0.05 0.027385368548391426 0.9864007359531215 0.027385368548391423 0.9469007507775251
0.1 0.08274114112980997 0.959473615085989 0.08274114112980997 0.8557602104751193
0.15000000000000002 0.11566376716040215 0.9438087368502722 0.11566376716040212 0.8415720381832006
0.2 0.10756159047334667 0.9476399920426027 0.10756159047334667 0.918164245959925
0.25 0.09017889655453987 0.9559121407862421 0.09017889655453987 0.9856189742621198
0.3 0.10936590787034751 0.9467854166173912 0.10936590787034753 0.9602670243889991
0.35 0.17678841064501366 0.9154000983176812 0.17678841064501363 0.8743266228463884
0.39999999999999997 0.260709946451117 0.8777839307321863 0.260709946451117 0.8283125725980751
0.44999999999999996 0.3213716315444255 0.8515597176228801 0.32137163154442555 0.8688958491634812
0.49999999999999994 0.3514101055105221 0.8388655479038803 0.35141010551052226 0.9406911844845178
0.5499999999999999 0.3812875374285644 0.8264270549936336 0.3812875374285644 0.9565632639465387
0.6 0.44737460798328005 0.7995652625321743 0.4473746079832799 0.8958590003203394
0.65 0.555993022722132 0.7572996124284227 0.5559930227221319 0.8225120610540513
0.7000000000000001 0.6783012889281315 0.7123752313934846 0.6783012889281314 0.8115004855954226
0.7500000000000001 0.7800292898038336 0.6770470806564042 0.7800292898038335 0.8675860174513286
0.8000000000000002 0.8565351751178848 0.6516371304654007 0.856535175117885 0.9215668181744493
0.8500000000000002 0.9383652661683362 0.6255134476110452 0.9383652661683358 0.9055568927579988
0.9000000000000002 1.0607916286303924 0.5883721382211129 1.0607916286303924 0.8273789033675194
0.9500000000000003 1.2269638110523096 0.5414623805067275 1.2269638110523093 0.7645564802310648
1.0000000000000002 1.4030856724352458 0.495819845033007 1.4030856724352456 0.7808157456451293
1.0500000000000003 1.5535417768546445 0.45988871255318153 1.5535417768546451 0.8522798551419046
1.1000000000000003 1.681156087314591 0.431461131489093 1.6811560873145903 0.8879905774344532
1.1500000000000004 1.8275694087732939 0.4010037332844289 1.8275694087732939 0.8315589314811761
1.2000000000000004 2.0284100924553345 0.3626906777780152 2.0284100924553337 0.7331067875450076
1.2500000000000004 2.270731519415585 0.3213046455744349 2.2707315194155857 0.6989804115753413
1.3000000000000005 2.5047824333085145 0.28582056363116715 2.504782433308514 0.7640576168009017
1.3500000000000005 2.7024740518038493 0.25891981901431665 2.702474051803849 0.8395431216768438
1.4000000000000006 2.8942090852528546 0.23525049838370793 2.8942090852528546 0.8163864068439914
1.4500000000000006 3.1343330477298257 0.20863554307026785 3.134333047729825 0.7069149025494544
1.5000000000000007 3.4335357561751105 0.1796458750463967 3.4335357561751096 0.6361944279038865
1.5500000000000007 3.7445263894082648 0.1537752713694032 3.7445263894082657 0.6803464510657884
1.6000000000000008 4.022246849016275 0.1338382615843562 4.022246849016277 0.7651120934308938
1.6500000000000008 4.280613846384271 0.11761875899274518 4.28061384638427 0.7668912908164879
1.7000000000000008 4.571743146857033 0.10168541836100786 4.571743146857033 0.676360450734326
1.7500000000000009 4.918523234448506 0.0854980738311054 4.918523234448506 0.5999713185467103
1.800000000000001 5.290145913840548 0.07100018836815958 5.290145913840548 0.6123913077981734
1.850000000000001 5.645572691720123 0.05944010056472922 5.645572691720124 0.6711938230914787
1.900000000000001 5.981908346140081 0.05023948523788145 5.981908346140081 0.688951674286934
1.950000000000001 6.330505604542999 0.04220347900882994 6.330505604542998 0.6412803409470073
2.000000000000001 6.716258224638103 0.03480031089618803 6.7162582246381035 0.5785439193075341
2.0500000000000007 7.13222891041748 0.02826547366335716 7.132228910417481 0.5560272841115306
2.1000000000000005 7.552196014415377 0.02291192360446245 7.5521960144153715 0.5775716917598253
2.1500000000000004 7.959917046444632 0.01868641830037859 7.959917046444627 0.6028408876428963
2.2 8.36315590449616 0.01527438900492878 8.363155904496168 0.5944688002915595
2.25 8.78197943180706 0.01238846523807829 8.78197943180705 0.553394135159162
2.3 9.226651711869568 0.009918776542454098 9.226651711869566 0.5127946560284266
2.3499999999999996 9.687654441145222 0.007876851827185479 9.687654441145224 0.5023356313554381
2.3999999999999995 10.146142273419672 0.006263156819314807 10.146142273419661 0.5193543398575619
2.4499999999999993 10.59289543842984 0.0050093583037572635 10.592895438429851 0.5336497404308992
2.499999999999999 11.036479317499404 0.004012906448129446 11.036479317499417 0.5192249419134157
2.549999999999999 11.492873007964933 0.0031941433549437237 11.492873007964935 0.4808009062039006
2.5999999999999988 11.967581333424953 0.0025192591775800655 11.96758133342494 0.4486260151903575
2.6499999999999986 12.448828733342337 0.00198048363584261 12.44882873334232 0.4466935581259538
2.6999999999999984 12.91915363496412 0.00156545833301328 12.91915363496412 0.466818546070607
2.7499999999999982 13.373459450211616 0.001247355521538182 13.373459450211623 0.47643230562056554
2.799999999999998 13.824047481693315 0.000995740824584669 13.824047481693308 0.45367629245158325
2.849999999999998 14.28631193770219 0.0007902542927457598 14.28631193770216 0.4128535978438637
2.8999999999999977 14.760074864355364 0.0006235776756018203 14.76007486435535 0.3904208206491537
2.9499999999999975 15.22784350603939 0.0004935326532376342 15.22784350603939 0.40379864109446
2.9999999999999973 15.673442947300176 0.00039496187737759017 15.673442947300174 0.4289622751846017
3.049999999999997 16.100426441193793 0.000319033937009258 16.10042644119379 0.42622683261359146
3.099999999999997 16.527754276905817 0.0002576581144958697 16.527754276905807 0.38804212852867553
3.149999999999997 16.966104455873175 0.0002069461213194458 16.966104455873186 0.35102460715492184
3.1999999999999966 17.40303348294977 0.00016633336091004215 17.40303348294978 0.3526087124551586
3.2499999999999964 17.8166059543174 0.000135261200844534 17.816605954317325 0.38298086207954896
3.2999999999999963 18.201787570636224 0.00011156606507797309 18.201787570636068 0.3954964255589511
3.349999999999996 18.575923789953343 9.253147017190968e-5 18.57592378995297 0.36632994848317135
3.399999999999996 18.955431403381183 7.653858788794163e-5 18.95543140338028 0.3258528058308934
3.4499999999999957 19.333923282651305 6.334203037320011e-5 19.33392328264923 0.3182145533046353
3.4999999999999956 19.690415953414796 5.300057450668652e-5 19.690415953410348 0.3433922741058289
3.5499999999999954 20.01570144738834 4.5044908847294485e-5 20.0157014473796 0.3604061004173202
3.599999999999995 20.321527997796125 3.865772823697375e-5 20.32152799777969 0.343621126940357
3.649999999999995 20.62271991111213 3.3253191076382596e-5 20.622719911082203 0.3124395245542545
3.699999999999995 20.918340051086115 2.868403457862056e-5 20.91834005103268 0.29988321622104
3.7499999999999947 21.194912210770305 2.4979478416503895e-5 21.19491221067939 0.31117664212676405
3.7999999999999945 21.44322105040596 2.2062961475230924e-5 21.443221050260746 0.3247130013088146
3.8499999999999943 21.666520119569373 1.9732176953262573e-5 21.66652011934966 0.3221740470822885
3.899999999999994 21.87378305783238 1.7789692164480444e-5 21.873783057511574 0.3058908919927816
3.949999999999994 22.06906379506398 1.6134806077395545e-5 22.069063794607857 0.2909667676508699
3.999999999999994 22.248085318933093 1.4753318464416268e-5 22.24808531830609 0.2885105896862792
4.049999999999994 22.40328022628135 1.3651789238700334e-5 22.4032802254577 0.2964779735291251
4.099999999999993 22.531117094584566 1.2806491309569143e-5 22.531117093555697 0.3033452292716008
4.149999999999993 22.634793745490896 1.2159537567163362e-5 22.634793744260325 0.29987164531335014
4.199999999999993 22.72022418130732 1.1651076723253297e-5 22.72022417988258 0.2879639024583402
4.249999999999993 22.789620287996915 1.125374015936569e-5 22.789620286393085 0.2782787926368154
4.299999999999993 22.839146311653135 1.0978486736994955e-5 22.839146309908504 0.27913133721436
4.3499999999999925 22.862917613886722 1.084877179978291e-5 22.862917612070387 0.2879478067650784
4.399999999999992 22.859145665710628 1.0869251603024951e-5 22.859145663905828 0.2939987062140524
4.449999999999992 22.831992546704857 1.1017825344297751e-5 22.831992544981247 0.28974362683504323
4.499999999999992 22.787101004021135 1.1267925126386085e-5 22.787101002424208 0.279066853727523
4.549999999999992 22.72547998415405 1.1620499607140662e-5 22.72547998271644 0.27341269100341187
4.599999999999992 22.642403923191292 1.2113357072893527e-5 22.642403921944577 0.27933216238759545
4.6499999999999915 22.53278200238221 1.2795834483596297e-5 22.532782001350355 0.29077530045513283
4.699999999999991 22.397275045492176 1.3692841080346336e-5 22.397275044677137 0.2953451531100048
4.749999999999991 22.242156696732643 1.4797116377767587e-5 22.242156696112165 0.2884282747624976
4.799999999999991 22.07263185803999 1.6106046666105104e-5 22.072631857580987 0.2791773067511187
4.849999999999991 21.88709033992223 1.7671718648434927e-5 21.887090339593563 0.28042753610288473
4.899999999999991 21.679321957898477 1.9606276092269484e-5 21.679321957673537 0.2933134016505099
4.94999999999999 21.446556729000907 2.2026193135819545e-5 21.446556728854834 0.30510288609796143
4.99999999999999 21.19375651633769 2.499391593455529e-5 21.193756516246992 0.30424563153700457
5.04999999999999 20.928530686628378 2.853825124057705e-5 20.928530686573858 0.2950225544149241
5.09999999999999 20.65256104346835 3.276071861064177e-5 20.65256104343662 0.292811526571681
5.14999999999999 20.360304794235446 3.791543561923471e-5 20.360304794217782 0.3046965084811987
5.1999999999999895 20.046933236560356 4.4346958585138606e-5 20.046933236551062 0.3201231423139308
5.249999999999989 19.71551293296124 5.23396511228189e-5 19.71551293295658 0.3245731329899183
5.299999999999989 19.37412443118142 6.208152753321319e-5 19.37412443117919 0.31869292907470465
5.349999999999989 19.026630804424 7.386176268483445e-5 19.02663080442301 0.31709529513811324
5.399999999999989 18.66899281588799 8.83242137597964e-5 18.66899281588755 0.32833432604018353
5.449999999999989 18.29553790871062 0.00010645706375388582 18.295537908710415 0.3435385292647018
5.4999999999999885 17.906970500117083 0.00012928579873588443 17.906970500117055 0.34917461839785324
5.549999999999988 17.510687806804718 0.00015761680650189445 17.510687806804707 0.3460752995286742
5.599999999999988 17.11376756512945 0.00019221737161040792 17.113767565129457 0.34856934204048623
5.649999999999988 16.716199838705215 0.00023448949252360244 16.71619983870521 0.36453580651916995
5.699999999999988 16.310586404397924 0.0002872111193221335 16.310586404397906 0.3827631832181585
5.749999999999988 15.889566908907845 0.00035450671173706353 15.889566908907831 0.38615987437963845
5.799999999999987 15.45611266039979 0.0004402991369794855 15.456112660399771 0.3767659434883052
5.849999999999987 15.025450731025586 0.0005460909009132575 15.025450731025597 0.37827858824297483
5.899999999999987 14.61093813628086 0.0006718544393568915 14.610938136280849 0.40509781255668664
5.949999999999987 14.205787484287795 0.0008227208560783242 14.205787484287784 0.43652398067656495
5.999999999999987 13.786220497562455 0.0010147529342145484 13.786220497562468 0.4401201012138136
6.0499999999999865 13.340481391903634 0.0012680936614532638 13.340481391903632 0.4197271573861628
6.099999999999986 12.88966116461121 0.0015887139904976345 12.889661164611212 0.4151651738090611
6.149999999999986 12.467484399044691 0.001962095931496406 12.467484399044686 0.4462760268904097
6.199999999999986 12.078792104142854 0.0023829980786236266 12.078792104142844 0.4844406934253975
6.249999999999986 11.690937030977508 0.002892979463077828 11.690937030977507 0.4952604775065894
6.299999999999986 11.272810124666178 0.003565664276948812 11.272810124666163 0.4839845378379825
6.349999999999985 10.83303397144342 0.004442594126356097 10.833033971443422 0.4788766588582833
6.399999999999985 10.410417097415916 0.005487906834793122 10.410417097415916 0.49167171442376173
6.449999999999985 10.030878413705738 0.006634718656294411 10.030878413705734 0.5148547964362319
6.499999999999985 9.681327851101623 0.007901807779477629 9.681327851101631 0.5398037278994502
6.549999999999985 9.32526963703252 0.00944155415115325 9.325269637032525 0.558554741998579
6.5999999999999845 8.940535011988164 0.01144425589272158 8.94053501198817 0.5613923742367749
6.649999999999984 8.542242245624916 0.013966118696679696 8.542242245624925 0.5501424148544795
6.699999999999984 8.16925960618155 0.016829371254261632 8.16925960618154 0.5465022543362185
6.749999999999984 7.845550701951034 0.01978610872942124 7.845550701951036 0.5717916753721964
6.799999999999984 7.554155741586441 0.022889484448976254 7.554155741586444 0.6169681533045275
6.849999999999984 7.252958792926607 0.026609709505419115 7.252958792926609 0.6437880472029945
6.8999999999999835 6.919089430262002 0.03144408115511276 6.919089430262003 0.6266395491325716
6.949999999999983 6.575525634132964 0.037337291282032635 6.575525634132957 0.5910415928201956
6.999999999999983 6.268961037969939 0.04352236688948065 6.268961037969939 0.5937800710277535
7.049999999999983 6.019968416857001 0.0492924667135905 6.019968416857003 0.6533805196843296
7.099999999999983 5.799165208770568 0.05504620241288765 5.799165208770572 0.7145410594963774
7.149999999999983 5.557534180583226 0.0621150564598782 5.5575341805832235 0.7076537070236132
7.199999999999982 5.279908924656879 0.07136453341026563 5.279908924656878 0.6433766182031737
7.249999999999982 5.003075732367173 0.08195888066797173 5.003075732367172 0.6137906209539663
7.299999999999982 4.776933445876708 0.09177030479345738 4.776933445876707 0.676890900111791
7.349999999999982 4.609706001877407 0.09977348502879478 4.609706001877406 0.7687612172063671
7.399999999999982 4.45734938396804 0.10767105836152907 4.457349383968041 0.776979652047944
7.4499999999999815 4.270644467107956 0.11820651757134364 4.270644467107957 0.6940921528588513
7.499999999999981 4.05007234784461 0.13198909083094942 4.050072347844608 0.6383932166120998
7.549999999999981 3.84713114740422 0.1460851889551737 3.8471311474042196 0.697151109877964
7.599999999999981 3.7073564592167583 0.1566599041877432 3.7073564592167596 0.8033866210956111
7.649999999999981 3.6172950174534053 0.16387566010340313 3.6172950174534053 0.8240994572289364
7.699999999999981 3.51817593821526 0.17220188556109364 3.51817593821526 0.7412951052572804
7.7499999999999805 3.373715310006747 0.18510028669573148 3.3737153100067476 0.6738983991463737
7.79999999999998 3.2123942546802495 0.2006492469095361 3.212394254680249 0.7150718048427593
7.84999999999998 3.092412487683218 0.21305475242023916 3.0924124876832186 0.8131614975795455
7.89999999999998 3.032437774649284 0.2195404660572314 3.0324377746492837 0.8488595372779706
7.94999999999998 2.9927183175207093 0.22394406761019164 2.9927183175207124 0.7898050846582143
7.99999999999998 2.92509634222459 0.23164528306868515 2.9250963422245895 0.720391365888526
8.04999999999998 2.8264454181027587 0.24335778902867203 2.8264454181027605 0.7277658285449167
8.09999999999998 2.735142804685308 0.2547248626356633 2.7351428046853075 0.8006646766091555
8.14999999999998 2.6847059929256294 0.261230321567557 2.68470599292563 0.8552291090303913
8.199999999999982 2.671201750520796 0.26300014313947856 2.6712017505207966 0.836665339105819
8.249999999999982 2.6628111639458214 0.2641058229504146 2.6628111639458214 0.7738687825156086
8.299999999999983 2.6329977479773543 0.2680722456074085 2.6329977479773534 0.7402517745474646
8.349999999999984 2.584017372531717 0.27471845106673304 2.5840173725317177 0.775111359980526
8.399999999999984 2.5428611103635 0.28043021273822233 2.5428611103634995 0.8438750220188928
8.449999999999985 2.534832083875569 0.28155826503979015 2.534832083875569 0.8728403236590832
8.499999999999986 2.5581280044561145 0.2782977105358503 2.558128004456114 0.8282278990951553
8.549999999999986 2.5843348251146248 0.2746748617198538 2.5843348251146248 0.7594775550357101
8.599999999999987 2.5868002390059974 0.27433646385972393 2.5868002390059996 0.7495677109800565
8.649999999999988 2.5691255787578053 0.27677160273013224 2.5691255787578045 0.817239029947334
8.699999999999989 2.5627896439472932 0.27764980184255544 2.5627896439472924 0.8868309177962199
8.74999999999999 2.5940180139344804 0.273348188679806 2.5940180139344795 0.8735667143554695
8.79999999999999 2.654044939884143 0.26526596362495664 2.654044939884142 0.7892915009795375
8.84999999999999 2.706417003128679 0.2584098603732737 2.70641700312868 0.7354380877993318
8.899999999999991 2.7266187247004083 0.2558128302158049 2.7266187247004074 0.7811892797930249
8.949999999999992 2.731304353920559 0.2552142200784201 2.731304353920558 0.8736212959833843
8.999999999999993 2.761434010378105 0.2513982640536282 2.7614340103781045 0.8985253889903624
9.049999999999994 2.8349654034691945 0.24232329845457184 2.834965403469195 0.8229785568058599
9.099999999999994 2.9240052721648557 0.2317716925951924 2.9240052721648544 0.7389345465966078
9.149999999999995 2.9865286538930707 0.22463820817003102 2.9865286538930715 0.7483737830361947
9.199999999999996 3.016765548311572 0.2212675780731622 3.01676554831157 0.83599323821955
9.249999999999996 3.052310070811108 0.21736989500898488 3.0523100708111057 0.8916989734942569
9.299999999999997 3.1281561974860606 0.20928090761673046 3.1281561974860583 0.8489943851284395
9.349999999999998 3.2349423343121955 0.1983998193897215 3.2349423343121964 0.7611270476447722
9.399999999999999 3.332738973788806 0.18893177098428435 3.3327389737888042 0.7288893451483455
9.45 3.4001025334083086 0.18267418280915174 3.400102533408307 0.7816699874295007
9.5 3.4563098447693648 0.17761185014203928 3.4563098447693634 0.8521899208115222
9.55 3.534315522928765 0.17081784056706226 3.5343155229287646 0.8582809243502768
9.600000000000001 3.64330870671514 0.1617579528069882 3.643308706715139 0.7916150800669103
9.650000000000002 3.7636290105831134 0.15231350955579334 3.7636290105831134 0.7233761756059837
9.700000000000003 3.871529172514857 0.1443139208737649 3.8715291725148546 0.726101014970907
9.750000000000004 3.962138228706144 0.13792173188342285 3.9621382287061464 0.7926493998146256
9.800000000000004 4.0509197092283795 0.13193318772264578 4.0509197092283795 0.841787737579153
9.850000000000005 4.157775458288158 0.1250692760932458 4.157775458288156 0.8108469364863055
9.900000000000006 4.288869341568449 0.11713425780604601 4.28886934156845 0.7300361712060112
9.950000000000006 4.430586771734021 0.10912151437897413 4.4305867717340215 0.6873848033990436
10.000000000000007 4.561764982247597 0.10219399586257424 4.5617649822475945 0.7256659337147501
