-14.14141402049374 0.0002298015229765661
-14.14141310810225 1.4629890974780244e-31
-13.247925845592135 0.0031130371886054346
-13.24788142888434 1.439947701843951e-29
-12.376457761816978 0.021981991937299016
-12.375453015713425 2.7210151751453387e-29
-11.544535292703959 0.11102718571219197
-11.531004873359938 1.6155589090927025e-29
-10.81318299408596 0.3689722333738781
-10.710224875309892 6.1696444222779844e-30
-10.18535344794115 0.3495396514416059
-9.876561778002985 1.4070955439342965e-30
-9.420375929594357 0.09686178731054018
-8.985820930810004 3.9740308709022355e-32
-8.511651463317211 0.020582354008358495
-8.026426406397153 6.53027505319192e-32
-7.52311469187731 0.004378281526456364
-7.006869628496487 5.424707181819487e-32
-6.477736700762637 0.0009374570472702104
-5.937291308470173 3.317203020864563e-33
-5.386254607140499 0.0002024537732431154
-4.825479458515519 3.682352070204543e-34
-4.255609176906353 4.446704789390865e-5
-3.6772480448328198 9.412931589207107e-36
-3.0909138128600477 1.0042222587231575e-5
-2.497075699347435 2.1744533906950757e-35
-1.8961498017094474 2.3605212498722317e-6
-1.2885075507973134 8.624419369796207e-36
-0.6744664084161295 5.853393511631257e-7
-0.054264835116025 1.2587149036944024e-36
0.572011469290039 1.5547102043268224e-7
1.2045775740770823 4.679534159154979e-37
1.8442404577665275 4.505348351259667e-8
2.492756746055022 9.404145158546984e-38
3.1532996526972554 1.4567271574936794e-8
3.830399758356927 1.3562723602585692e-38
4.529905588260213 5.380156691726076e-9
5.257569681678992 8.534842367617902e-39
6.019245353918083 2.3508826535098192e-9
6.8188653188844635 8.410815398816462e-38
7.660776247510838 1.3531623085412373e-9
8.546840670600044 9.319338320821913e-40
9.481093744026564 1.414917539237024e-9
10.437355548272908 1.2309135229250001e-41
10.464503275852913 1.0446641725917114e-38
11.502233455860901 1.1940275618196463e-8
12.226136973896919 0.02049515704041226
12.595054304065139 2.1213997190699435e-37
13.750331716195669 5.03218262346183e-9
13.967845858355522 2.8802733208202298e-37
14.968866871760097 8.550324697136161e-39
15.67007353713462 0.0015420338064479275
16.261418197243565 8.192529214760118e-9
17.33855627157835 1.1115217801084145e-38
17.628958256211057 2.783337938153884e-41
18.977729584404 7.588977362810135e-5
19.08762795503274 4.391550368806371e-8
20.59106145939453 6.669387880566059e-40
20.638889913559844 1.01813098991134e-40
22.181873301948734 2.843198329625822e-6
22.307565990284704 3.081192606498036e-9
23.75221902822882 1.3321371489044224e-39
24.096442813812093 5.321423783380213e-40
25.304091036138328 8.621823031149899e-8
26.0483335335215 3.672709529243643e-12
26.839207090666118 5.167112851896536e-38
28.168984046374796 2.7605617990013875e-40
28.359027561254152 2.1848563203487828e-9
29.864812053822487 3.868294933336768e-38
30.54141219156102 2.892983884647839e-14
31.357710186986658 4.739408609832416e-11
32.83788625569125 5.318001477669667e-38
33.184843888734 3.0078497930785455e-40
34.307893589701195 8.962729170244927e-13
35.7671901413566 2.152466016771046e-37
36.308330766655 2.6173738550360204e-17
37.21693486290259 1.4946988882447594e-14
38.656614775618635 1.1062666344250111e-38
40.01027949905987 5.733912185622966e-41
40.08858025243507 2.228361265964596e-16
41.51249389495427 9.838521664647994e-40
42.92771456867576 2.9903424090845363e-18
44.336675112398055 8.966039383222495e-40
45.54905606162138 1.7893000177307445e-21
45.745563779153635 3.468247696238767e-20
47.13331457744342 1.2978645736223476e-39
48.5230162374181 4.039680525965581e-22
49.90479140664457 2.9031232841102904e-40
51.283094327414226 4.124593886988745e-24
52.653050500966984 3.461342324962897e-40
54.02189053545116 3.883530777785435e-26
55.379187614194926 1.3528726880574318e-40
56.74194749389763 3.3827380743523776e-28
58.08230570789898 1.8935254793274487e-46
59.447425517440074 2.724458284017511e-30
60.75602545034834 6.106794771478823e-40
62.14682355932924 2.021527473124192e-32
63.38004340648849 2.5432608347347744e-40
64.85758077559565 1.2916337123206888e-34
65.91366408147012 3.337880786929524e-41
67.60967134265445 7.033118692393311e-37
68.35427236867243 4.698247587287688e-42
70.44261594528317 1.6565556483898334e-39
70.86105329307667 9.101352451872487e-44
73.39628641958643 1.8324200044585848e-42
73.60677770215521 1.2769766557915231e-45
76.50477457752895 1.1682528862639071e-42
76.61217745889172 1.0528416066433843e-48
79.79850986313052 2.146499567678772e-43
79.85687389615755 3.824386392010487e-53
83.31112240160631 3.774423752754081e-43
83.34505279613724 4.060096436907491e-57
87.08782172338962 1.0842876097258589e-44
87.10870632999472 6.600354906938305e-62
91.19706501694422 1.251887898900548e-43
91.2104860367076 2.432009778939718e-68
95.75364400035704 2.037617050043149e-45
95.76251799218521 7.384287814803375e-74
100.98075843126144 9.105860860151101e-51
100.98669384039955 0.0
107.46088217085237 4.126978098032662e-62
107.46477837290175 7.604651596059916e-97
