0.0 NaN 0.9999999999999998 1.0 0.9999999999999998 0.9999999999999999 0.9999999999999999 0.9999999999999998 0.9999999999999999 0.9999999999999999 0.9999999999999998 1.0 0.9999999999999998 0.9999999999999999 0.9999999999999998 0.9999999999999999 0.9999999999999997 0.9999999999999998 0.9999999999999998 0.9999999999999999 0.9999999999999998 0.9999999999999998
0.05 0.007091897579714685 0.9865137321270046 0.9872992952174878 0.9886662938402612 0.9904809166456879 0.9925655357103524 0.9947160939958102 0.99672207987326 0.9983871334684918 0.9995482677344932 1.0000918227592106 0.9999645915896532 0.9991790284991703 0.9978120298763965 0.9959974070709697 0.993912788006305 0.9917622297208475 0.9897562438433978 0.9880911902481663 0.9869300559821645 0.9863865009574473
0.1 0.029118517920164438 0.9523443353365897 0.9568386393194048 0.9632032914842955 0.9708152753322232 0.9789294768483425 0.9867516214532895 0.9935160231330463 0.9985605351208395 1.0013913654361228 1.0017314126840822 0.9995473906708373 0.9950530866880223 0.9886884345231315 0.981076450675204 0.9729622491590841 0.9651401045541372 0.9583757028743809 0.9533311908865879 0.950500360571304 0.950160313323345
0.15000000000000002 0.06851936549094928 0.9124283505683962 0.9243613868954835 0.9393369341666622 0.9558890814742567 0.9723975893142068 0.9872464899176023 0.9989822694350079 1.0064561479992757 1.0089365303029625 1.0061806192443425 0.9984581825993948 0.9865251462723079 0.9715495990011292 0.9549974516935351 0.9384889438535844 0.9236400432501892 0.9119042637327835 0.9044303851685155 0.9019500028648291 0.904705913923449
0.2 0.1300694937110528 0.8822610592945401 0.9047633722931361 0.9306962554674603 0.9575212175273887 0.9826124442859951 1.0035138316472894 1.0181794061878204 1.0251735992904942 1.0238117706030123 1.0142272254057243 0.9973581657619932 0.9748558527633976 0.9489229695890729 0.922098007529145 0.8970067807705386 0.8761053934092441 0.8614398188687129 0.8544456257660392 0.8558074544535209 0.865391999650809
0.25 0.22227344953331665 0.872446615141296 0.9075198121638203 0.9452772593766035 0.9820229947748562 1.0141600897552032 1.038542741548662 1.0527842063137645 1.0554904302531813 1.0463965093123528 1.0263926198340403 0.9974368818956729 0.9623636848731494 0.9246062376603653 0.887860502262113 0.8557234072817653 0.8313407554883067 0.817099290723205 0.8143930667837878 0.8234869877246163 0.8434908772029291
0.3 0.36001827625457955 0.8882076577462921 0.9367450265554091 0.9859365264527501 1.0309669506910313 1.0674284076003935 1.091751795736642 1.1015561723979894 1.0958818168857147 1.0752841746529178 1.0417794864335583 0.9986474245514358 0.9501100557423192 0.9009185558449777 0.8558881316066973 0.8194266746973341 0.7951032865610859 0.7852989098997385 0.7909732654120136 0.8115709076448099 0.8450755958641696
0.35 0.568820393714645 0.9302135293167436 0.9917620499942749 1.0506287089275006 1.1010512273919066 1.1380938979658521 1.1581307259620983 1.1592003670515827 1.1411981173118386 1.1058861623764422 1.0567210824273265 0.9985154980431655 0.9369669773656345 0.8781003184324087 0.827677799968003 0.7906351293940571 0.7705983013978108 0.7695286603083266 0.7875309100480705 0.822842864983467 0.8720079449325827
0.39999999999999997 0.8873289388549761 0.9931107114126795 1.0652971940623257 1.1304196095724262 1.1821033221783035 1.2152891699884942 1.2267286909999395 1.2153021051922088 1.1821279263978681 1.1304534743754022 1.0653370045258481 0.9931525706112027 0.9209660879615569 0.855843672451456 0.8041599598455786 0.7709741120353876 0.7595345910239427 0.7709611768316732 0.8041353556260138 0.8558098076484797 0.9209262774980341
0.44999999999999996 1.3419606145466412 1.0635598062268048 1.1420323508443266 1.208727000254831 1.2571152174850726 1.2824604266920208 1.282281662208043 1.2565964227463569 1.207918958505059 1.1410141588399225 1.0624311316953217 0.9798621312883146 0.9013895866707937 0.8346949372602886 0.7863067200300476 0.7609615108230993 0.7611402753070767 0.786825514768763 0.8355029790100613 0.9024077786751974 0.980990805819798
0.49999999999999994 1.792855462187298 1.1227691035642828 1.2023687086547252 1.2661658329553604 1.3079155694389413 1.3235311630109348 1.3114840505722776 1.2729534874256323 1.2117111135500127 1.133751759201073 1.0467066291572493 0.9590963072263129 0.8794967021358707 0.8156995778352351 0.7739498413516545 0.7583342477796606 0.770381360218318 0.8089119233649632 0.8701542972405829 0.9481136515895224 1.0351587816333465
0.5499999999999999 1.875444344465584 1.1547255558124854 1.2314665347179057 1.2899043605307345 1.3243187317001384 1.3313409297970318 1.3102835731451612 1.2632079025288414 1.194722012583482 1.1115297793861882 1.0217746383566835 0.9342424480597741 0.8575014691543543 0.7990636433415251 0.7646492721721218 0.7576270740752277 0.7786844307270988 0.8257601013434182 0.8942459912887778 0.9774382244860713 1.0671933655155763
0.6 1.5878633731565266 1.1547796948056683 1.2273650778579726 1.2808541884820597 1.3100111398494974 1.3119818464120139 1.2865734016805515 1.2362729612564687 1.1660042827122519 1.0826457538944796 0.994357088396859 0.909780595941599 0.837195212889295 0.7837061022652074 0.7545491508977702 0.7525784443352529 0.7779868890667159 0.8282873294907981 0.8985560080350156 0.9819145368527873 1.0702032023504087
0.65 1.1828441439143977 1.1318370932232618 1.2018032914083672 1.253057610592921 1.2805829209052986 1.2816848531920113 1.2562555426432211 1.206784187351869 1.138113388261073 1.0569651216434308 0.9712827452286972 0.889453447004566 0.8194872488194606 0.7682329296349067 0.7407076193225288 0.7396056870358163 0.7650349975846064 0.8145063528759584 0.8831771519667545 0.9643254185843966 1.0500077949991302
0.7000000000000001 0.9424189371062855 1.102996765283058 1.1737045279830798 1.2263511280695245 1.2557831495155005 1.2591195809969231 1.2360338293541064 1.1887856888057384 1.1220001365458465 1.0422146077519319 0.9572390658808109 0.8753915090302421 0.8046837463302208 0.7520371462437756 0.7226051247977998 0.719268693316377 0.7423544449591939 0.7896025855075619 0.856388137767454 0.9361736665613685 1.0211492084324894
0.7500000000000001 0.8606039026964667 1.0857761816201705 1.161127001378381 1.218438157486903 1.2520996346755318 1.25881641302374 1.2379310074682592 1.1914878270220377 1.1240330537758165 1.0421696309199766 0.9539109206596545 0.8678963004897227 0.7925454807315127 0.7352343246229901 0.701572847434362 0.6948560690861533 0.7157414746416338 0.7621846550878553 0.8296394283340767 0.9115028511899161 0.9997615614502384
0.8000000000000002 0.8946222075177386 1.0933703695734278 1.1768029956396637 1.2409062815484324 1.2794053510411287 1.2885316469570174 1.2673918238652084 1.2180551949397367 1.145351173168334 1.0563965347606905 0.9598987795075573 0.8653037800325054 0.7818711539662699 0.717767868057501 0.6792687985648046 0.6701425026489157 0.6912823257407249 0.7406189546661968 0.8133229764375998 0.9022776148452427 0.9987753700983762
0.8500000000000002 1.017902884323282 1.133346022444131 1.2270010316757962 1.2983068736351737 1.340283635694267 1.3488223399134314 1.323087158431045 1.2655972301181582 1.181980069713918 1.0804207074737067 0.9708604813792809 0.8640239097117433 0.7703689004800789 0.6990630585207008 0.657086296461608 0.6485475922424432 0.6742827737248293 0.7317727020377166 0.8153898624419564 0.9169492246821678 1.0265094507765937
0.9000000000000002 1.21502547993821 1.2063984741695581 1.3102319062428447 1.386914418532269 1.4289397924564637 1.4321942916077313 1.3963593429337164 1.3249427208874003 1.2249351820235408 1.1061261610396287 0.9801455127006937 0.8593251006249407 0.7554916685516547 0.6788091562622298 0.6367837823380348 0.6335292831867674 0.6693642318607823 0.7407808539070985 0.840788392770958 0.95959741375487 1.0855780620938047
0.9500000000000003 1.464798125919057 1.3036796309601533 1.4148292000199887 1.4927472952431124 1.5298067505817943 1.5223799283390753 1.4711938176217858 1.3812588715815393 1.2613785493503684 1.1232875721235795 0.9805032468885453 0.8470022982361606 0.7358527291763259 0.6579346339532017 0.6208751786145198 0.6283020008572389 0.679488111574528 0.7694230576147749 0.8893033798459458 1.0273943570727342 1.170178682307769
1.0000000000000002 1.714217917816389 1.4058475770542471 1.5189436746690723 1.5925513381598682 1.6194653365694083 1.5970511402125132 1.527502806797485 1.4176282117707188 1.2781826460347525 1.122816013138209 0.966736681611987 0.8252227838945188 0.712126686279694 0.6385190227888976 0.6116050243793573 0.6340192207362524 0.7035675541512807 0.8134421491780472 0.9528877149140135 1.1082543478105569 1.2643336793367792
1.0500000000000003 1.8529517500386625 1.4880421669045967 1.596779148040421 1.6609767109916558 1.6743507510059132 1.63559212386418 1.5484947940383251 1.4215844550144818 1.2672839750126308 1.1006973600900132 0.9381312687924509 0.7954988028007083 0.6867618216648844 0.6225642587136488 0.6091902186993919 0.6479488458411246 0.7350461756669798 0.861956514690823 1.0162569946926738 1.1828436096152912 1.345409700912854
1.1000000000000003 1.9064568010704215 1.530337397735833 1.6297211868661623 1.6817809229147582 1.6814206361956772 1.628675594083246 1.5287088487957479 1.3913058418711937 1.2299165369703995 1.0603388437224632 0.8991722082597577 0.762192743775349 0.6628089546450203 0.6107492185964233 0.6111095053155048 0.6638545474279356 0.7638212927154342 0.9012242996399886 1.0626136045407826 1.2321912977887182 1.3933579332514245
1.1500000000000004 1.853616863795076 1.5275261188963334 1.6156335164870834 1.6561209299935942 1.6450251692894522 1.5834323647410888 1.4773716492000015 1.3372249844718096 1.1767109025593383 1.0115416401675508 0.857885115501275 0.7307822997828052 0.6426749021920555 0.602187488685544 0.6132832493896864 0.6748760539380494 0.7809367694791369 0.9210834342073287 1.0815975161198002 1.2467667785115872 1.400423303177863
1.2000000000000004 1.6627469174866067 1.4915595784066558 1.569926903149929 1.602161579796684 1.5851082536045373 1.5204362229586879 1.4144760368152833 1.2775998164620692 1.1232059600199213 0.9664076138826497 0.8225532926484873 0.7057244595718254 0.6273571348285524 0.5951224581817974 0.6121757843739435 0.6768478150197932 0.7828080011631977 0.919684221516412 1.0740780779585601 1.2308764240958312 1.3747307453299935
1.2500000000000004 1.4749583964913262 1.4454613910106362 1.518091485413331 1.5465825660155539 1.528145727338929 1.4645856956101322 1.3621241695835606 1.2307907973181234 1.0834414043445724 0.9344995758907483 0.7985447758644509 0.6888852073450445 0.6162551129423507 0.5877640323401274 0.6062008710167524 0.6697609027455487 0.7722224287721208 0.903555801037558 1.0509051940111087 1.1998470224649325 1.3358018224912305
1.3000000000000005 1.3567970668445495 1.4136900257265665 1.4853717848638714 1.5140862744086077 1.497022720058526 1.4358514214021851 1.3365602513575672 1.2088685214509003 1.065275587886045 0.9198373274711266 0.7867902504635036 0.6791579317541746 0.6074761726168703 0.5787616830721336 0.5958252374222156 0.6569965360785561 0.7562877061231739 0.8839794360298414 1.0275723695946963 1.1730106300096146 1.3060577070172377
1.3500000000000005 1.326140821465721 1.414935629238527 1.4896292631201944 1.5207113863285175 1.50513946408198 1.4444377846260346 1.3445482512792994 1.2152487475370553 1.069196009708209 0.9206866973807089 0.7842579367703938 0.6732643255208688 0.5985706916392021 0.5674885684308786 0.5830604906774159 0.6437621701333611 0.7436517034800965 0.8729512072223404 1.0190039450511867 1.1675132573786866 1.3039420179890024
1.4000000000000006 1.3789816576494478 1.4590443852845851 1.5386869848245688 1.5717765830591466 1.5550741395643302 1.4902146058821595 1.3835468850723887 1.2455123568455906 1.0896228025677137 0.9311377779578678 0.7855709014549614 0.6671712731551658 0.587528673615182 0.5544390753806044 0.5711415188754205 0.6360010525575911 0.7426687733673616 0.8807033015941599 1.036592855872037 1.195077880481883 1.3406447569847892
1.4500000000000006 1.5008445932993462 1.5454986570584122 1.629279872855699 1.661395060803001 1.6387005625443658 1.5634178736912152 1.4429161883538324 1.2889910510776499 1.116709726758754 0.9429363117760476 0.7846809587386142 0.6574348042316371 0.5736535884343512 0.5415384004870485 0.5642328987456835 0.6395155875988336 0.7600172729362169 0.9139424102123991 1.086223734531295 1.2599971495140017 1.418252502551435
1.5000000000000007 1.6650368212721014 1.6614305850024087 1.7456638667170903 1.7717631895950208 1.7371737700682357 1.6452814615186724 1.5050813233585234 1.3302971219427062 1.1380379526989401 0.9471234826612035 0.7762417503361199 0.6421198502867057 0.5578865685720251 0.5317872456940937 0.566376665220879 0.6582689737704421 0.798469111930591 0.9732533133464081 1.1655124825901746 1.3564269526279107 1.5273086849529947
1.5500000000000007 1.8237183404695514 1.7813994116394238 1.8602991073162132 1.874696712506397 1.8231828892999464 1.7108001696302202 1.5485493571149416 1.352312691750989 1.1412991856054315 0.9361643108773432 0.7569880983638252 0.6213095641397793 0.5424098684629902 0.5280122632728063 0.5795260864792564 0.6919088061489826 0.8541596186642616 1.050396284028214 1.2614097901737717 1.4665446649018599 1.6457208774153775
1.6000000000000008 1.9086888782069344 1.8733034882874589 1.9407844061227015 1.9392026318587352 1.8687130005813863 1.736215528530221 1.55467999143378 1.341876352495522 1.1186353145848618 0.9068092659042644 0.7271332159774535 0.5971951084479157 0.5297141906126726 0.5312959648766388 0.6017855961539875 0.7342830682051524 0.9158186053015939 1.1286222442398517 1.3518632821505123 1.563689330831109 1.7433653807579208
1.6500000000000008 1.953193353157279 1.910947981060496 1.962907592152203 1.944321160231191 1.8570080547531755 1.7095150908285213 1.516279907410079 1.2962177105995374 1.0708697214841945 0.8622945713304239 0.6909090490638 0.5734895637169278 0.5215299526252207 0.5401163845462322 0.6274294900242481 0.7749224539489027 0.9681576373673445 1.188219834177886 1.4135678232932285 1.6221429734469994 1.7935284957136237
1.7000000000000008 1.9411242139001028 1.8869395446891604 1.9229017577808396 1.8901060513031338 1.7917626975072052 1.6374982290610343 1.4424131269598852 1.2256036802352503 1.0082927081327777 0.8117521226964295 0.6552206858074974 0.5540207851273187 0.5180585720356395 0.5508542785133448 0.6491976323092741 0.8034621007554449 0.9985472028565936 1.2153566495812282 1.432667621683701 1.6292082071200487 1.7857396440089814
1.7500000000000009 1.8133999876762912 1.817038694540542 1.8401963406012458 1.79863373354031 1.6964193109205716 1.543558532597809 1.355014476597923 1.1492431487858659 0.9463868804210251 0.7663026564336821 0.6266183753882862 0.5410073079511734 0.5178496618904703 0.5594122689514057 0.6616266915711442 0.8144874698939065 1.0030315258937923 1.2088028537058497 1.4116591220706902 1.5917433460580332 1.7314276271034292
1.800000000000001 1.659830970493386 1.7325990250534917 1.7482311692939487 1.7036727034054224 1.6032853204861708 1.4568956370163548 1.2788332951708992 1.086528277602924 0.8988047392998254 0.7340383681375116 0.6083576445201613 0.5340650733445325 0.5184329291040765 0.5629913949926019 0.6633787779118533 0.8097684613816692 0.9878308032271249 1.1801358207951003 1.3678593590981987 1.5326257302605126 1.6583064538778627
1.850000000000001 1.5416533864835362 1.6666531052134925 1.6798664382557935 1.6361867921592694 1.5398898350178403 1.4004017839368605 1.231376701226536 1.049359939649552 0.8721685680144138 0.7171473123416476 0.5994707332331048 0.5306578341528658 0.5174445011105655 0.5611241472070885 0.6574211043485179 0.7969091554294974 0.9659342381398228 1.1479509997168063 1.3251423713519443 1.4801636270247105 1.5978402061332535
1.900000000000001 1.4893545391516592 1.6428867673246677 1.6568136155144448 1.6147928464975183 1.5209377459211788 1.3844355049567758 1.218647914016941 1.0398034176129356 0.865408561135659 0.7125343282175215 0.5961451139139627 0.5276339054523551 0.513707057262578 0.5557278262795045 0.6495829268558444 0.7860851678202472 0.9518727587600817 1.1307172551640876 1.305112111641364 1.4579863445595012 1.5743755588630597
1.950000000000001 1.5122321777355894 1.67179815167536 1.68675009997405 1.6439993593225433 1.547730670077736 1.4073674822863067 1.2366495227371168 1.0522878547728065 0.8723290829769952 0.7143888257795475 0.5939273759894289 0.5227363396163687 0.5077843913176792 0.5505351319691855 0.6468038212139932 0.7871670090054219 0.9578849685546124 1.1422466365189223 1.3222054083147339 1.4801456655121814 1.6006071153022998
2.000000000000001 1.6040608878662452 1.7507682669721207 1.764183401485067 1.7158161104414313 1.6104009212832975 1.4582566071962735 1.2742761136949672 1.076468733350759 0.8841972307568001 0.7162824802213169 0.5891611474575841 0.5152767542229211 0.5018616197099747 0.5502289107536102 0.6556440999117442 0.8077884139987677 0.9917689075000746 1.1895762878442824 1.3818477904382416 1.5497625409737243 1.6768838737374574
2.0500000000000007 1.7421736459157826 1.863364585322806 1.8703642747988967 1.8102469842476292 1.6888974129299559 1.5181941023786287 1.3148466819903128 1.098760214077404 0.891086747682169 0.7121548086414958 0.5794795018408128 0.5060480107129885 0.4990483212368979 0.5591656117881649 0.6805151831058385 0.8512184936571655 1.0545659140454813 1.27065238195839 1.4783258483536255 1.6572577873942984 1.7899330941949814
2.1000000000000005 1.8821376288564151 1.9791228702617045 1.9738427347807892 1.8965365764434339 1.7547716606513761 1.5624249250965914 1.338324608413691 1.1044072109983165 0.8835701975078267 0.6974306334846183 0.5642091563658865 0.4969464125406234 0.5022265480215388 0.5795327063588942 0.7212976221509517 0.9136443577057363 1.1377446743886368 1.3716620718040113 1.5924990852945011 1.7786386493177095 1.9118601264364414
2.1500000000000004 1.9589161404006155 2.0599694219738094 2.0377140530872557 1.9408174731610393 1.7787645945565105 1.5674182821202771 1.3274665854499428 1.0823976484573778 0.8562005261911012 0.6710169689865579 0.544974033672641 0.49040968095064474 0.5126650498371986 0.6095616297634145 0.7716145083679431 0.9829608208041768 1.222912517474511 1.4679814544670757 1.6941785767333526 1.8793621339378956 2.005405069251813
2.2 1.9789573877989333 2.075412419585253 2.034880538451812 1.920645681875506 1.743889953539072 1.5219154356616544 1.2764505406405018 1.0315230826547739 0.8111082678020592 0.6367818338804575 0.525608066845902 0.4884694296089158 0.529001310742357 0.6432361673186627 0.8199918956550967 1.0419664135325144 1.2874313085536666 1.5323587665393943 1.7527735813921093 1.9271000153137112 2.0382737823482673
2.25 1.9463942630523723 2.018593709423283 1.9628003542360917 1.8377334729515264 1.6556354833019236 1.4343314052654823 1.1954840239165896 0.9624733850892335 0.7581081935924204 0.6023931382658732 0.5105706936555414 0.4916290804044742 0.5474224355916655 0.6724893168762304 0.8545873065258334 1.075891384562274 1.3147387659111676 1.5477494047385232 1.7521145962353366 1.9078296515618838 1.9996520961722148
2.3 1.8126246163257715 1.9108914125238539 1.8459591365578345 1.718249796948217 1.5402644736592823 1.329425610231218 1.1063715836171033 0.8929364760507148 0.7100128029504883 0.5755064079436459 0.5025837141346192 0.4983829028757184 0.5633151788417379 0.6910245184513553 0.8690098417402901 1.079848705168354 1.3029027317824695 1.5163378393488578 1.6992615124490844 1.8337679074559263 1.9066906012649532
2.3499999999999996 1.6530575002993357 1.7907079514989173 1.7231698291614093 1.5993632431209515 1.4314072446303938 1.235742537040242 1.0315221452056014 0.838736583966384 0.6762570472726723 0.5599881642375453 0.5013111432254248 0.5059696998798211 0.5735078222173294 0.6973144082577869 0.8652704067483452 1.0609351143384966 1.2651555061731372 1.4579410674123543 1.6204206041060665 1.736689487141193 1.7953665081533137
2.3999999999999995 1.5246256953266313 1.695112892027311 1.6293721221448867 1.5121566169647718 1.354940246822443 1.1731124454182926 0.9844717848225446 0.8074837272310784 0.659473096869255 0.5549282054875891 0.5040826354616089 0.5119135054473738 0.5776542753297983 0.6948697805099133 0.8520861506522421 1.0339139520563922 1.22255461265214 1.3995426702436058 1.54755330060543 1.6520981919870952 1.7029437620130758
2.4499999999999993 1.4605246086096193 1.647393007709688 1.5845413754980382 1.4724299370992477 1.3220329412301142 1.1480722937237948 0.9675764748133087 0.7982136728419331 0.6565622988866548 0.5564881763733718 0.5077872576710958 0.515226728021658 0.5780783602333082 0.6901897986320981 0.8405867945012319 1.0145474420075518 1.1950432609180373 1.3644060628894128 1.5060574368446908 1.6061315593579744 1.6548324780602504
2.499999999999999 1.4756688935027154 1.6551146046423395 1.5930494602323184 1.4813386373201392 1.3309171695875188 1.1565093583441168 0.9751874553251125 0.8047005117419912 0.6617369774850514 0.560291119372877 0.5102931648123421 0.5166372619520657 0.5787024063620875 0.6904132292742664 0.8408346970068872 1.015242508250289 1.1965644112692928 1.3670513548524144 1.5100148891093543 1.6114607472215292 1.6614587017820635
2.549999999999999 1.5691397778026435 1.712562858606069 1.6467163253838817 1.5288567177786154 1.3705209553588469 1.1872080457403489 0.9968619337327221 0.81811502299862 0.6684643065636547 0.5625586392303322 0.5107648056054123 0.5181527469929594 0.5839992802151467 0.7018588878204127 0.8601946502401814 1.0435075598586796 1.2338536718663062 1.4126005826004082 1.5622512990353736 1.668156966368696 1.719950799993616
2.5999999999999988 1.7202822650103222 1.8009060851337364 1.7253797624073655 1.59467553517365 1.4215876438641268 1.2230591372544222 1.0185233688009367 0.8280017246043924 0.6701437906410975 0.5604018013482785 0.509518067255317 0.5224734427830533 0.5979997655094242 0.7287039927431394 0.9017918840526629 1.1003203906623669 1.3048561591158527 1.495377803312397 1.653235737275692 1.7629777265685107 1.8138614606614725
2.6499999999999986 1.8805995581330412 1.8883021620773426 1.797731817111773 1.6496546115579913 1.4585653740101612 1.2431692504364682 1.0245507141653463 0.8241096707319202 0.6614666860223236 0.5525423885802393 0.5079990475595045 0.5321968755309349 0.6227672204965048 0.770844426050286 0.9619336635981168 1.1773297871718087 1.3959483234429315 1.596389366876357 1.7590323515859538 1.8679566490280384 1.9124999900487731
2.6999999999999984 1.970242182828711 1.9375149232126654 1.8294850449099629 1.6640507936693185 1.4574060266503743 1.229778573427695 1.0034501950964414 0.8005754902502136 0.6410132485105449 0.5403825338344239 0.5085337817097666 0.5485845698978383 0.6566144482005407 0.8220486994411846 1.0286934664601297 1.2563209196828082 1.482649298014062 1.6855240028602902 1.845086244599958 1.9457169592760797 1.9775657114007372
2.7499999999999982 1.9563163665523786 1.9220603075089693 1.7988011399933501 1.6214529828672044 1.4073759094073106 1.1775252751265974 0.9544004615719996 0.7598424800962301 0.6128960214913028 0.5279452289616475 0.513305677967043 0.5704103897585903 0.6936695572742095 0.8710177144003551 1.0850947878602493 1.3149454221409622 1.5380702356955596 1.7326282171713294 1.8795746757762566 1.964525468305912 1.9791650193005166
2.799999999999998 1.8763868086326132 1.8406575405951726 1.7086060521664694 1.5284662157736357 1.3178713737108465 1.0974360164197507 0.8887378925354459 0.712205828509059 0.5851200127387068 0.5199204903309355 0.5229894448108032 0.5940264655311566 0.7260779539598603 0.9062177903526935 1.1168126324154826 1.3372479897065785 1.5459461135908832 1.7224781776172704 1.8495639933876227 1.9147635157953937 1.9116945613155265
2.849999999999998 1.7022917684495575 1.7179625332797466 1.585144780933558 1.4113486750523159 1.213586589388349 1.011216854775919 0.8240488308317414 0.6704038278157765 0.5653216891309096 0.5190885866619271 0.5362301386034605 0.6150684104192559 0.7478861627654443 0.9216822686466868 1.1194443543106536 1.3218140889230834 1.5089821128672611 1.662627115883226 1.7677092545680928 1.8139423570370754 1.7968008050955422
2.8999999999999977 1.5098505150856352 1.5906530298545585 1.4634912728967953 1.3017936123895737 1.1213881419571896 0.9399342060043866 0.7751937800461384 0.6432928047892781 0.5571426667000815 0.5251763415380253 0.5505229159324563 0.6307012905816788 0.7578630475394427 0.9195607080466642 1.0999661784790487 1.2814201144318513 1.4461605403900997 1.57806151564696 1.6642116537361566 1.6961779788982123 1.6708314045037818
2.9499999999999975 1.3553064676062805 1.4901302897492033 1.3715070701728806 1.2229246337303463 1.0589272645353047 0.8955681677214254 0.7488380698746055 0.6330999353007976 0.5596830190070873 0.5357738802860368 0.5637129122204272 0.6407652477018392 0.7593884672781617 0.907970903720696 1.071968272915738 1.235327369729617 1.3820574675764377 1.4977956021502452 1.571212518443955 1.5951216571650058 1.5671826252306151
2.9999999999999973 1.271616061287151 1.4334928834097742 1.3226032840154862 1.1840903231616182 1.0315126145330935 0.8798055273218776 0.7438192082296341 0.6368649456415101 0.5694121679737966 0.548063623075746 0.5749090552660391 0.6473206465987646 0.7582102459930529 0.8967232068469206 1.0493009154754458 1.2010080026866616 1.3369943217789049 1.443948584367029 1.5114013620347426 1.5327499069327932 1.5059044747424997
3.049999999999997 1.2771439688831618 1.4240651715394415 1.3172894182764225 1.1832530355188169 1.0350764382973332 0.8872641843550688 0.7542851669764234 0.6491562989017139 0.5821683262139871 0.5598784984125679 0.5844686991450215 0.6535318682336524 0.7603076214966715 0.8943440042542767 1.0425206014757609 1.1903328554180255 1.3233118727966704 1.42844074087138 1.495428713559107 1.5177185413605259 1.4931283406280722
3.099999999999997 1.3796247049184338 1.4543893521547382 1.3463942182663375 1.210231112211979 1.0592286275164104 0.9081679394778089 0.7718359207430943 0.6635776991870497 0.5939903438149626 0.5698855498142672 0.5936228623697273 0.6628787079408326 0.7708738418292338 0.9070369478835913 1.05803943257916 1.2091001206177618 1.3454321393524766 1.453690360908521 1.5232777162806088 1.5473825102813035 1.5236451977258434
3.149999999999997 1.5682246256166865 1.5068637817477146 1.391959373981326 1.247762530238816 1.0883882422641902 0.9294371757903624 0.7864685686809925 0.6734771843208051 0.601523406668241 0.5776505728113821 0.6041955220599508 0.6785598498319609 0.7934642575983498 0.9376611013408593 1.0970353893154858 1.255986455789313 1.3989550628986829 1.5119464472588706 1.5839002249114347 1.607773058768294 1.5812281095197247
3.1999999999999966 1.7915817405288461 1.555086465201174 1.4291342743578004 1.27377778815288 1.1042243818884403 0.9370711243176894 0.7886801409168802 0.6735769750420596 0.6030287265399692 0.5839411495125432 0.6181826689901958 0.7024014864717592 0.8283536773151335 0.983710163520053 1.1532635697844935 1.3204168273552441 1.4688078107560532 1.5839109766308732 1.6544592251329644 1.67354680216039 1.639305282682738
3.2499999999999964 1.9339928053777413 1.5712430423779673 1.4336481893940054 1.2685181925482194 1.0920171264602154 0.9214221452339258 0.7734322742369061 0.6625337931484053 0.5995822179725191 0.5907396874968767 0.6368717702139682 0.7334627364463233 0.8710575894302849 1.036187586276071 1.212688652364075 1.383283633590364 1.5312735045873842 1.6421719856758847 1.7051235608517716 1.7139660913274144 1.6678340086103225
3.2999999999999963 1.8930372853391566 1.5383620388120558 1.392902941706619 1.223959809217977 1.048069972250139 0.8824507535420693 0.7433141161578658 0.6442797235866493 0.5950417521864773 0.6004199576591175 0.6598878837807477 0.7676243956051771 0.9130834927106142 1.0820266251992556 1.2579164621670946 1.4235356808751634 1.5626723182593676 1.6617067108305839 1.7109446822307564 1.7055664767581156 1.6460985506364851
3.349999999999996 1.7578824012585452 1.4590793913167905 1.3127126606135344 1.1483717522714476 0.9821434994294944 0.8302994816561831 0.7077032493706473 0.6263553759671725 0.5942187580784524 0.6144391517724174 0.6850372440305361 0.7991024016967507 0.9454691324000075 1.1098100407420934 1.276038293584047 1.4278823113573584 1.550478543642894 1.6318264170463685 1.6639630349350887 1.6437426412411238 1.5731445489830054
3.399999999999996 1.5104196745527194 1.3537219503357634 1.2138890535885485 1.0617769648882154 0.9122754753039952 0.7800188322745185 0.6779532375057272 0.6160695825464053 0.6004254707127478 0.63255225666997 0.7093051467680991 0.8231710333554997 0.9630039301027147 1.115116018803048 1.2646175083872682 1.3968741514167446 1.4989397461855356 1.5608234011448578 1.5764675129785157 1.544340727021293 1.4675878369231645
3.4499999999999957 1.2538251935956828 1.2492012983555159 1.121213151717056 0.9856389027025998 0.8557495034070193 0.7442594332260255 0.6620821170259295 0.6172616430794268 0.6141853516590047 0.6531543716026773 0.730354143725231 0.8382278164488688 0.9662159630873286 1.1017902121017848 1.2316796113973656 1.343169681578359 1.425346997778455 1.470167471724958 1.47324376314538 1.4342747432017073 1.357074971079154
3.4999999999999956 1.0460710685647883 1.167202349595788 1.053000478073927 0.934254410349029 0.8225878388825107 0.7289314657162664 0.662453029198131 0.6296599018770023 0.6337621035382256 0.6743580821014805 0.7474740203361817 0.8459528207792191 0.9601546923010799 1.0789007600259777 1.1905673314924967 1.2842237046587406 1.350702141176876 1.383495268498005 1.3793930668367815 1.338797088273526 1.2656811500388256
3.5499999999999954 0.9115784660754647 1.118712857521508 1.0171134470596674 0.9123055459273048 0.8145484817268434 0.7334113970157402 0.6768365549608288 0.6503618952825467 0.6565789421300046 0.6948791276410606 0.7615133628048094 0.8499590244154065 0.9515584348772472 1.0563663360096092 1.154123400210071 1.2352604849211735 1.2918353269760852 1.3183099866543677 1.3120929398069094 1.2737927542958538 1.207158519132105
3.599999999999995 0.8653793929153055 1.1048216049485124 1.0124767260121317 0.9169070569018947 0.8274676227033506 0.7529133783970334 0.7005422128656096 0.675480580682662 0.6801816890209156 0.7141853606416751 0.7741630792491894 0.8542438078568161 0.9465886867931966 1.0421583559034338 1.1315977901019783 1.2061520344082957 1.258523199939719 1.283584832122667 1.2788837237844133 1.2448800521636536 1.1849023335561395
3.649999999999995 0.9297047838723741 1.1190427656039732 1.0314724162986388 0.9399052044762913 0.8533043668163823 0.7801469966925785 0.7275942472099679 0.7007903476444449 0.702359050439232 0.7321468000349803 0.7872377639578034 0.8622392548176184 0.949809604122953 1.0413768159453003 1.1279776536052095 1.2011350237290133 1.2536877732116238 1.280491672777147 1.27892296998236 1.2491352203866115 1.194044256463789
3.699999999999995 1.1390897542170852 1.1483027807849673 1.0609773463971528 0.9688852999145774 0.8810412524899736 0.8060439915307281 0.7512347714761756 0.7219787006635465 0.7211395671430121 0.7487995111501496 0.8022509846473785 0.8762617849904752 0.9635872193782895 1.055679265860865 1.143523313285469 1.218520574244714 1.2733297942992672 1.302585865111896 1.3034249986324304 1.2757650546252928 1.2223135811280639
3.7499999999999947 1.5028617334035665 1.1744316911381616 1.0841034670421759 0.9890341840978735 0.8985298861064871 0.8214497643359359 0.7653389581539094 0.7356899842164791 0.735405090669189 0.7645121648774181 0.820162003616754 0.8969072129361645 0.9872354370321502 1.0823047199764526 1.1728090179678397 1.2498891397383902 1.3059999459204168 1.3356489198578474 1.335933813405137 1.3068267391969077 1.2511769004575728
3.7999999999999945 1.8291767151858924 1.1791898040206863 1.0852220620780129 0.9878902836595519 0.8967219813872797 0.8206413438945189 0.7670956740640321 0.7413263951334464 0.7458559836696114 0.7802410519871075 0.8411157500241611 0.9225212381979428 1.0164889801406167 1.1138207585590776 1.2049890608313496 1.2810696983241106 1.3346153681545971 1.3603846470851828 1.355855058549018 1.321469990231522 1.2605952921944683
3.8499999999999943 1.7689407134017423 1.1520137740354233 1.0569521156972013 0.9612782928586792 0.8743575258980136 0.8046982250979081 0.7591191281655646 0.7420818346769628 0.7552540736245705 0.7973464544838107 0.864238681741319 0.9493828781275773 1.0444445364657995 1.1401183593043214 1.2270391262649867 1.2966984270650923 1.3422775239974358 1.3593148174860377 1.3461425785384298 1.3040501976791896 1.2371579704216813
3.899999999999994 1.471106916468951 1.0954335501230037 1.0042346266478113 0.9159686002039809 0.8392755644454037 0.7816627680639296 0.7487697529813327 0.7438163166930107 0.7672873360554839 0.8168853041613456 0.8877552263230309 0.9729598607795706 1.064158784254763 1.1524248106985933 1.2291178464571706 1.2867306428386445 1.3196236579212415 1.3245770942095636 1.3011060748470906 1.2515081067412286 1.1806381845795435
3.949999999999994 1.0527869672860557 1.0236939479043625 0.9418697197131473 0.8663947344394266 0.8046570095069379 0.762699863584095 0.7446303544464512 0.7522172515460727 0.7847178965338278 0.838950899833006 0.9096075572171315 0.9897715027675654 1.0715957309587814 1.1470707162325011 1.2088084411649904 1.2507655870878334 1.268835096225477 1.2612481991258555 1.2287475541381003 1.174514550838922 1.1038578934547971
3.999999999999994 0.7262624837212173 0.955359729011387 0.8870605610824466 0.8275740346527096 0.7827231053961197 0.7568980947631115 0.7526269347278723 0.7703277161935744 0.8082677633417574 0.8627332400137053 0.9283926858694779 0.9988188968724525 1.0671180648013932 1.1266045912311295 1.1714555204877197 1.1972805311207277 1.2015516911559667 1.1838509096902652 1.145910862542082 1.0914453858701343 1.0257859400143614
4.049999999999994 0.5037230220475577 0.9053193129276121 0.8523420279134116 0.8092689881693045 0.7803164829329586 0.7683185851408729 0.7744497326232065 0.7981097659461721 0.8369826761989725 0.8872633120825709 0.9440298546308925 1.0017255991435468 1.0547028841577475 1.0977759239018545 1.1267284291382007 1.138726326930286 1.1325951794479523 1.108935146124987 1.070062235872187 1.019781599988588 0.9630150574402669
4.099999999999993 0.35767231461859056 0.8810476908391134 0.8429617705356757 0.8145012431598859 0.7984520234274414 0.7963851207872423 0.808502858070669 0.8336190667231798 0.8692751972469508 0.9119809791554458 0.9575560729667837 1.0015392709583586 1.039625191261796 1.0680857186375858 1.084134938370031 1.0862018410102299 1.0740841037268027 1.0489678950742922 1.013311764550521 0.9706059826420256 0.9250308888306886
4.149999999999993 0.26658936116238635 0.8832531503233972 0.8580612156842713 0.8410984885026506 0.8340253987013426 0.8375343095912136 0.8512817445263425 0.8739220087912684 0.9032389155757433 0.9363627217808022 0.9700510384679659 1.00100621847959 1.0261981531187163 1.0431608803003365 1.0502339701016448 1.0467250592117738 1.0329776242766446 1.0103373600117187 0.9810204532272442 0.9478966470221848 0.9142083303350212
4.199999999999993 0.22234568055364548 0.90743056480049 0.8921277636122954 0.882924049338078 0.8807203456570462 0.8857323664396062 0.8974695001707581 0.914782834423478 0.9359776194120165 0.9589791619089454 0.981535910673495 1.0014398539744807 1.0167426551626753 1.0259463694368929 1.0281500731179245 1.0231380523353648 1.0114009186042126 0.9940875843514928 0.9728927993629543 0.9498912568660254 0.9273345081014758
4.249999999999993 0.2401215563455978 0.9440320322437753 0.9350233267168278 0.9297722991294312 0.9287929566479006 0.932181164137808 0.939605260243012 0.9503385227100162 0.9633303050255126 0.9773088810173912 0.9909059302731008 1.0027904788752788 1.0117991844022267 1.017050211989623 1.018029554471154 1.0146413469812463 1.007217250876042 0.9964839884090381 0.9834922060935414 0.969513630101663 0.9559165808459541
4.299999999999993 0.4305994706448091 0.9789076790231509 0.9727108524777957 0.9683748318494836 0.966324057048146 0.9667592721999254 0.9696378754134438 0.9746780889497545 0.9813865415906908 0.9891065632512188 0.9970824644226536 1.0045335083269626 1.010730334872318 1.0150663555006298 1.0171171303019682 1.0166819151501885 1.0138033119366696 1.008763098400359 1.002054645759423 0.9943346240988951 0.9863587229274605
4.3499999999999925 1.29723477667635 0.9970876970011492 0.9914866095562098 0.986888453633829 0.9837433287729267 0.9823591017082611 0.9828712702293984 0.9852296997130021 0.9892035306490726 0.9944037767782788 1.0003214017772493 1.0063771472805663 1.0119782347255064 1.0165763906478864 1.0197215155087886 1.0211057425734544 1.0205935740523178 1.018235144568714 1.014261313632643 1.0090610675034368 1.0031434425044665
4.399999999999992 0.6766278093540967 0.9896288858450282 0.9847178055862554 0.9811954401026766 0.9794065830695888 0.9795263402770898 0.9815429890553123 0.9852591257710255 0.9903109890706484 0.9962040673760125 1.0023615051230983 1.008180569403829 1.0130916496626021 1.0166140151461804 1.0184028721792684 1.0182831149717673 1.0162664661935448 1.0125503294778315 1.0074984661782087 1.001605387872845 0.995447950125759
4.449999999999992 0.19325822773099874 0.9588414415642548 0.9571084662237861 0.9580244447598822 0.9614997148114341 0.9671940927321642 0.9745501731361284 0.9828478916205601 0.9912750096865993 0.9990066223027582 1.0052859053568544 1.0094981988732143 1.0112311742136835 1.010315195677587 1.0068399256260352 1.0011455477053048 0.9937894673013413 0.9854917488169092 0.9770646307508699 0.9693330181347111 0.9630537350806151
4.499999999999992 0.12289079505830205 0.9172739546532952 0.9224956056211809 0.9317271190079355 0.9440648499635276 0.9583010954199973 0.9730423124823117 0.9868455281163117 0.9983595874030837 1.0064574139964697 1.0103463362086342 1.0096456792377355 1.0044240282698493 0.995192514883095 0.9828547839275026 0.9686185384710329 0.9538773214087188 0.9400741057747187 0.928560046487947 0.9204622198945607 0.9165732976823966
4.549999999999992 0.13908256449199669 0.8810322885271729 0.8967254014767365 0.917118280225916 0.9402147277172008 0.9637539027477322 0.9854316268584452 1.0031259333757983 1.0151047802943896 1.0201955946162937 1.0179000519658938 1.008442856051797 0.9927497431022334 0.9723568643530539 0.9492604168617689 0.9257212418312375 0.9040435177205248 0.886349211203172 0.8743703642845807 0.8692795499626764 0.8715750926130763
4.599999999999992 0.20024375020084137 0.8628675562463668 0.8913142245967229 0.9240137581267317 0.9577652986634293 0.9892650102582725 1.015429481668963 1.03369755213523 1.0422810156387046 1.0403396629671595 1.0280635272462855 1.006654282173307 0.9782076138229517 0.9455080802929428 0.9117565397562455 0.8802568281614017 0.8540923567507115 0.8358242862844445 0.8272408227809698 0.8291821754525148 0.8414583111733893
4.6499999999999915 0.3083416507977063 0.8695647922865342 0.9116793654572224 0.9563079528191016 0.9990819972955396 1.0358144773888895 1.0629097620173762 1.0777155759376167 1.0787826229249242 1.066006452985628 1.0406376866501974 1.0051595955221324 0.963045022351444 0.9184164349895643 0.8756423905131268 0.8389099104197766 0.8118146257912893 0.7970088118710498 0.7959417648837424 0.808717934823038 0.8340867011584686
4.699999999999991 0.4838758579545204 0.902738896985458 0.9581570127016428 1.0130747026999782 1.062116240849382 1.100481099703303 1.1244138595734288 1.1315718151743295 1.1212542959393788 1.0944712525376776 1.0538443958658212 1.0033505657188044 0.9479324500026203 0.8930147600042844 0.8439732218548806 0.8056083630009597 0.7816756031308338 0.7745176475299334 0.784835166764884 0.8116182101665849 0.8522450668384416
4.749999999999991 0.7678010193154936 0.9588983759401778 1.0257079948102463 1.0879180154847528 1.139438887697376 1.1752273895089198 1.1917802930089159 1.1874772846719244 1.1627395729347922 1.1199886573801219 1.0634092954855483 0.9985398694049067 0.9317302505348386 0.8695202298603318 0.8179993576477087 0.7822108558361649 0.7656579523361686 0.7699609606731603 0.7946986724102926 0.8374495879649627 0.8940289498595362
4.799999999999991 1.2176822074732137 1.0275642858401415 1.1020089094771475 1.1672056818767165 1.216772688703753 1.2458579659763838 1.2516144441061205 1.2334786389058838 1.1932258093482566 1.1347961828482949 1.0639092583509613 0.987503941924299 0.9130593182872925 0.8478625458877238 0.7982955390606872 0.7692102617880563 0.7634537836583194 0.7815895888585566 0.8218424184161839 0.8802720449161455 0.951158969413479
4.849999999999991 1.8110621334288597 1.0913529835622733 1.1684183399367303 1.2319556679160362 1.2757454911469825 1.295501356630086 1.2892894226046503 1.257717756454175 1.2038768128342023 1.1330369184381663 1.0521323757001186 0.9690826849583541 0.8920173285838977 0.8284800006045914 0.7846901773736448 0.764934311890542 0.7711462459159774 0.8027179120664523 0.8565588556864255 0.9273987500824613 1.0083032928205091
4.899999999999991 2.12474419156178 1.1319755053245866 1.20713326216621 1.2658051072502094 1.3022478315889836 1.3128941674128611 1.2967019771940167 1.2552562653286956 1.1926140268635286 1.1149071205536265 1.0297420398044546 0.9454553360997505 0.8702975792581281 0.8116257341741278 0.7751830098353542 0.7645366740114768 0.7807288642303206 0.8221745760956423 0.8848168145608092 0.9625237208707109 1.0476888016198833
4.94999999999999 1.8176199477753858 1.1399051266364897 1.2110338540863375 1.2644824094295435 1.2950188756711334 1.2996541307353087 1.2779344435606674 1.2319858884578223 1.1663062301426472 1.08732465118812 1.0027724188393288 0.9209260947086166 0.8497973672587688 0.7963488119155624 0.7658123456739726 0.7611770906097969 0.7828967777844386 0.8288453328872842 0.8945249912024592 0.973506570156986 1.0580588025057769
4.99999999999999 1.289836987214639 1.1201662721460632 1.1882662289473296 1.2388996142140751 1.2671100794128525 1.2701361876561361 1.2476817223849372 1.20194468310946 1.1374021299026793 1.0603719375668854 0.9783943580288145 0.899493927945035 0.8313939711437692 0.7807605858770233 0.7525501206782463 0.7495240124349626 0.7719784777061615 0.8177155169816386 0.8822580701884191 0.959288262524213 1.0412658420622838
5.04999999999999 0.9632588813428471 1.0892451951193443 1.157558981073898 1.2091098400770592 1.2388516148736444 1.2438729733234335 1.2236823898754994 1.1802562595137933 1.11784543444576 1.0425591210708465 0.9617668682927786 0.8833771847261987 0.8150633987716454 0.7635125397684837 0.7337707649718986 0.7287494065221095 0.7489399899700439 0.7923661203317498 0.8547769453997831 0.9300632587746966 1.0108555115527644
5.09999999999999 0.8390411162007875 1.0662475784912062 1.1387006353564433 1.194609769016056 1.2285022039256033 1.2370603124136585 1.2194463671935631 1.1773845439470325 1.114992146995392 1.0383765788656598 0.9550375051784261 0.8731327351236665 0.8006796782584302 0.744770544598817 0.71087810968927 0.7023200012012143 0.7199339464213101 0.7619957696678408 0.8243881666194809 0.9010037347492135 0.9843428084364472
5.14999999999999 0.8538428433100071 1.0658887388694471 1.1459418919823763 1.208479517310735 1.247379996362129 1.2588354792114316 1.2417246233823114 1.1977223586616654 1.1311359333021562 1.0484832905528774 0.9578550469609535 0.8681225264532644 0.7880693733403359 0.7255317480119766 0.6866312689605829 0.6751757861112799 0.6922866419404001 0.7362889066610464 0.8028753320205557 0.885527974769834 0.9761562183617579
5.1999999999999895 0.9704155426186168 1.096800587848597 1.1868416894183982 1.256782453644635 1.2997765912188841 1.311615536397607 1.2911404107399294 1.240355462203813 1.1642318753915166 1.0702211573644433 0.9675257322142723 0.8661981436758018 0.7761570421060004 0.7062162778797637 0.663222140305515 0.6513831951267918 0.6718583207844694 0.7226432693205858 0.7987668561328821 0.8927775741599553 0.9954729993101262
5.249999999999989 1.1716125757085345 1.161642652387117 1.2623055473043014 1.3385102518951384 1.382797318724879 1.39083162112609 1.3618267056014641 1.2986217753716818 1.2074037693822766 1.097101741612712 0.9785128230604896 0.8632453233310811 0.7625824284138968 0.6863777238230601 0.6420906569933192 0.634056354592108 0.663061270116734 0.7262662003465166 0.8174842063359213 0.927786234105486 1.046375152657709
5.299999999999989 1.441681458489674 1.254701261737522 1.3639660477302806 1.44292980432355 1.4838630088491405 1.4827588340496798 1.439725364247776 1.3589750152994573 1.248412193980546 1.118859559578212 0.9829986265940355 0.8541284097472895 0.7448636237545314 0.6658998671612608 0.6249666626356711 0.6260708374351319 0.6691043072370347 0.7498546561853544 0.8604174775042653 0.9899701119065993 1.1258310448907756
5.349999999999989 1.7393061383381139 1.358862860934854 1.4717838928651683 1.5480232381927097 1.5801180586060668 1.5649266894654161 1.5039361678267373 1.4031166708939762 1.2723371134776513 1.1243991098524282 0.9737838625578253 0.8352346413971705 0.7223136094668566 0.6460742641393142 0.6139794437259575 0.6291708128666079 0.6901613345052869 0.7909808314380481 0.9217603888543731 1.0696983924795957 1.2203136397741994
5.399999999999989 1.9601501630745493 1.4483887487540577 1.5583604598334042 1.6261663734075513 1.6451691742242829 1.6135087357393578 1.5342842022629268 1.4152506231214463 1.2680598343969964 1.1071198960284545 0.9481847305178208 0.806812019231688 0.6968403081523419 0.6290343945781941 0.610031593761463 0.6416920322463877 0.7209165657228181 0.839950144864299 0.987140933588749 1.1480808719572908 1.3070160374679247
5.449999999999989 1.9954834982049443 1.499789759641275 1.6010565772820304 1.656843970995427 1.6616910819911714 1.6151234412731905 1.5216994139707924 1.390563994799809 1.2345536322628867 1.068939707633251 0.9099336657537158 0.7731001258636863 0.6718333082229311 0.6160459145095336 0.6111988035137897 0.6577664442317702 0.7511904715341686 0.882325890705152 1.0383362532420746 1.2039501778717099 1.3629562197512453
5.4999999999999885 1.9343864514251348 1.504280600848079 1.5941914014497478 1.6379018308414544 1.6311332076458704 1.5745480918611496 1.4736854288719852 1.3384183588832521 1.1819877651665425 1.019706164150882 0.8674588096260845 0.7401487334227294 0.6502379328210615 0.6065275034293544 0.6132961266249386 0.6698812424096591 0.7707439053988239 0.9060109753875565 1.0624415691042663 1.2247231701199268 1.3769705246447244
5.549999999999988 1.7219047502933802 1.4722218130295153 1.5518655448515233 1.586557426566177 1.5729015750786937 1.5122347202785797 1.4104953566045022 1.277642441832709 1.126680544901749 0.9723868680966081 0.8298647515302338 0.7130652529821182 0.63342152116011 0.5987296394454559 0.6123854909329391 0.6730523457330533 0.7747917094071306 0.9076446241789241 1.0586065211098843 1.2129001979150247 1.3554223144813993
5.599999999999988 1.5106499458645524 1.4266891769971013 1.4998521217648382 1.5300121760394996 1.5142170635712289 1.4540129200194387 1.3552929464219123 1.2277205416168762 1.083783381435857 0.9375710379865381 0.8033957941670382 0.6943916576963032 0.6212287129285664 0.5910686586539043 0.6068637711221756 0.6670679146739654 0.7657878882714921 0.8933602930765279 1.0372974532575474 1.183509796706866 1.3176850405263665
5.649999999999988 1.3776374022464708 1.3924812372281425 1.4639311157253692 1.4937059346194759 1.4788911271837475 1.4209368699908242 1.3255161295258042 1.201969352700795 1.0623901588324385 0.9204415319219981 0.7900183925857065 0.6838874664132458 0.6124375879160192 0.5826627690219119 0.5974775764576405 0.6554318336505633 0.7508525741155838 0.874399350940593 1.0139785448089496 1.15592717171939 1.286350311055681
5.699999999999988 1.3406430201666049 1.388630658596044 1.4626249767181005 1.4946453164979663 1.4815573039791632 1.4246420850165762 1.3294709177939121 1.2053598192554382 1.0644576484589714 0.9205568916052199 0.7877435573905579 0.6790183403328276 0.6050240222107717 0.5730036824309056 0.586091694949709 0.6430069139122957 0.7381780811349599 0.8622891796734335 1.0031913504699006 1.1470921073236517 1.279905441538314
5.749999999999988 1.3923292747627682 1.4261129867155673 1.5052610846164465 1.5399340456744912 1.5267378388806163 1.466964200899185 1.366464191883244 1.2350754529400114 1.0856592292764233 0.9328414219087169 0.7915809025663156 0.6757052351023656 0.5965571372014868 0.5618841761434415 0.5750803829373168 0.6348540209187479 0.7353540299346888 0.8667427688779216 1.0161589925415102 1.168976799909216 1.3102373192516168
5.799999999999987 1.515908763740568 1.5065353085393638 1.5908359681359778 1.6259162318964528 1.608342199185345 1.5398341387699028 1.4270980969273137 1.2811694629113222 1.116332748163991 0.948723318809714 0.7947479535972504 0.6694788340830475 0.5851781744864342 0.5500979107259585 0.5676719434370665 0.6361800038525086 0.7489160456950974 0.8948446797110894 1.0596813944584202 1.2272908238126972 1.3812661890251614
5.849999999999987 1.6844735789254 1.6191242027514323 1.7054399986572888 1.7362198385627652 1.70845077728216 1.6248510440120438 1.4936039631184888 1.3275569133315395 1.1429637368021663 0.9578936997853515 0.7904627469630716 0.6570601865576141 0.570744390651758 0.539964550746281 0.5677336120268869 0.6513333452970023 0.7825804261905573 0.9486274759775067 1.1332206525068798 1.3182906895236948 1.4857216423459743
5.899999999999987 1.8508928698167026 1.7394559802176228 1.8220770371262782 1.8426886186009424 1.799273119437545 1.6960803511877667 1.543211540994191 1.355630553098195 1.1516991215486312 0.9513794757394041 0.7742802983113636 0.6377372906736899 0.5551162337650355 0.5345046522903703 0.5779201514537682 0.681112919703546 0.8339817298971218 1.0215627177931181 1.2254941493426816 1.4258137951519083 1.6029129725799494
5.949999999999987 1.9375734303335337 1.8354479785055184 1.907976166771708 1.9136077376189076 1.8517914336551338 1.7285782654118753 1.5560291962734052 1.3510345313470535 1.1336605767176275 0.9251854095976524 0.7460160318767336 0.6136907905926522 0.541162602326463 0.5355310314792628 0.5973473354430366 0.7205605036862947 0.8931095728247653 1.0981042377511168 1.315478192380543 1.5239533595005175 1.7031227372214368
5.999999999999987 1.9395588369534023 1.8805312441698059 1.9383371544771284 1.9272732905817413 1.8484226605681995 1.7095037134868714 1.5241148037832957 1.3104030896197452 1.0892881625956168 0.8824142923663173 0.7100317347249003 0.5890144954732099 0.531208585165888 0.5422724490612744 0.6211230790748161 0.7600420261561445 0.9454309358597202 1.1591426500232709 1.3802575770473995 1.5871314472766984 1.7595140049181157
6.0499999999999865 1.9359193243922488 1.8664030840133687 1.9083498010540798 1.88264111706545 1.7917935771592222 1.6446999715134474 1.4557588471101477 1.2434650776361402 1.0285994563852072 0.832194527422202 0.6734757736276303 0.5679796924814877 0.5260329754407773 0.5517416594294065 0.6425891993356343 0.789682804981409 0.9786239293847085 1.1909176988587162 1.4057833201096492 1.602188249072654 1.7609070028672258
6.099999999999986 1.828604309526617 1.806673531246956 1.8352385833678933 1.7996678527091108 1.7034432502233454 1.5559839104381303 1.3717241809412772 1.1687006878689628 0.9667867852709576 0.7857472127504379 0.6433033850425842 0.5533986964679467 0.5248336443470099 0.5604043750057917 0.6566289774915575 0.8040883172767719 0.9883480467736256 1.1913715398459404 1.3932854424439451 1.5743250149644648 1.7167688426723182
6.149999999999986 1.6857312345973192 1.7295437476642657 1.7494853364024503 1.7095338627310739 1.6136000552513785 1.4710745834496157 1.2959088335390951 1.1052492495726036 0.9177589200322132 0.7517907046952778 0.6235907288475285 0.5457080993466974 0.5257665106085131 0.5657179842798884 0.6616517917595841 0.8041772635613471 0.9793430134718673 1.170002597438359 1.3574929269787492 1.523461142315685 1.651661118163434
6.199999999999986 1.5716556574400626 1.6655765486742422 1.6819961411411795 1.6418663556070139 1.5491153750804865 1.4128223117696135 1.246328480320874 1.0659314569872063 0.889289759312478 0.7336943074001678 0.6143758681807132 0.5430141618253639 0.5265945693584265 0.5667243548925921 0.65947533541912 0.7957683987299924 0.9622622301787321 1.1426592535124 1.3193009511871283 1.474896403099439 1.5942148423188929
6.249999999999986 1.5177948407566217 1.638221387134422 1.6548434053220136 1.6161871189909816 1.5260364747815929 1.3932160458655334 1.2307272212394516 1.0544755391839595 0.8817137423563275 0.729352959132261 0.6123073245337304 0.5420340807801277 0.5254120625925363 0.564068348923568 0.6542189931329571 0.7870394220490162 0.9495282466750983 1.12577992873059 1.2985417255582221 1.4509025087822887 1.5679481433808196
6.299999999999986 1.5327197312086478 1.659735084181086 1.6777822168023468 1.639237461084062 1.5478738462730415 1.4126346795547233 1.2467581128341778 1.0664813001920113 0.8894509921120503 0.7329961485918451 0.6124316598001482 0.5395592179220774 0.5215120853008168 0.5600568410191022 0.6514204558301229 0.7866596225484408 0.9525361892689863 1.1328130019111526 1.309843309991114 1.4662981535113186 1.586862642303016
6.349999999999985 1.6096759589270062 1.7298445570930117 1.7475978954224989 1.7050747302808165 1.606437525348348 1.4613415774896996 1.2839898890241888 1.0917428789006942 0.9034190239337849 0.7374527751770739 0.6100900654137192 0.5337980440635358 0.5160447057340494 0.5585678708757306 0.6572050758081998 0.8023010236668482 0.9796527121323588 1.1718997222558531 1.3602235772227624 1.5261898259794733 1.653552535742828
6.399999999999985 1.7273248666880066 1.8345181036138107 1.8476746883127309 1.795450231706449 1.682956827476774 1.521206113817341 1.3260313775646249 1.1165376817653918 0.9132317289928767 0.7360145224203195 0.6022333169719251 0.5249835491454493 0.5118269644465292 0.5640514210528109 0.6765448252824859 0.838295538941919 1.033470275194635 1.242963970993868 1.446269923766383 1.62348713033894 1.7572683357873344
6.449999999999985 1.8450586363088664 1.9464548025755661 1.9494107934785427 1.8820194511522579 1.7508775097267 1.5688220561482358 1.353673946668058 1.126493377267109 0.909518364938456 0.7239879356426302 0.5880631004656197 0.5150491293185637 0.5120931384155863 0.5794844807418712 0.7106264221674292 0.8926818757458931 1.1078299852260711 1.3350105546270201 1.5519855669556735 1.7375159962514988 1.87344083142851
6.499999999999985 1.9018706532108505 2.0313094740305018 2.0191778724967695 1.9336129565315614 1.7829904162753794 1.5820542354174432 1.3504734473448234 1.1109167931122947 0.8868337471254927 0.7001591192039907 0.5691659225673582 0.5066766839856568 0.5188082855193898 0.6043732014845971 0.7549957417407798 0.9559319225987151 1.1875127106713355 1.4270693649038637 1.6511524108906663 1.837827038812168 1.9688202354488002
6.549999999999985 1.8972403154825401 2.06027664704714 2.030907809841962 1.9281563469577492 1.7620802874931474 1.5489363132684975 1.3095884415423007 1.0674657096337985 0.8462687775104645 0.6676499420581785 0.5490936594016174 0.5022050445173967 0.5315738817225746 0.6343253446067871 0.8004014040713892 1.013545378296039 1.2528932500222358 1.4950159819307376 1.7162129140540723 1.8948317495063582 2.0133880321629194
6.5999999999999845 1.899656361080356 2.0232278710601634 1.9782340028698298 1.8632268327923325 1.68946406393693 1.4739548067955877 1.2377946089985878 1.0041004761311518 0.7957480181611114 0.6331322253515079 0.5321710645133981 0.5027473175073853 0.5477411856977189 0.662748355775216 0.8365111246306185 1.0520203817719607 1.2881805795689607 1.5218747124363965 1.7302271704064371 1.8928429632160404 1.9938041240541504
6.649999999999984 1.81129551603637 1.9339219063418738 1.8780926598820438 1.75792517906303 1.5851822941634708 1.3767732823277836 1.1530986697054157 0.9360532858125085 0.7468830450686111 0.6041052486643048 0.5216959821030464 0.5077220385749737 0.5635512850348046 0.6837187658538176 0.8564616507533777 1.0648706625890643 1.2885452752114324 1.5055906591043395 1.694760899848237 1.837538696252543 1.919947962813801
6.699999999999984 1.6754491855690017 1.8234788046051995 1.7628467082233663 1.6441082228748092 1.47888629880512 1.2833540091110744 1.0766514166614962 0.8790120113869968 0.7097821153105519 0.585527129754142 0.518409998439419 0.51500061381202 0.5756327101938534 0.6943711955424106 0.8595931196120997 1.0551254093061453 1.2618280017557233 1.4594674070302225 1.6286973031066685 1.7529522886630777 1.8200694199778003
6.749999999999984 1.5527954903554153 1.726589903234896 1.666130482744339 1.5526216901030994 1.3971745567971658 1.2150053312983846 1.0239460066462052 0.8426988007261725 0.6890054528772795 0.5779105388314965 0.5202888028194063 0.5217806618361139 0.5822400823266713 0.6957488749679104 0.8511960082738441 1.0333652337726247 1.2244245584248048 1.4056717643448369 1.5593651121937304 1.670460026239513 1.7280817622516036
6.799999999999984 1.479208373476741 1.669246687600781 1.6112417692265444 1.5029561338097186 1.3549895338152869 1.1818259709946277 1.0004159013781135 0.8285170065380862 0.682955947991513 0.577981256332463 0.5238685857822089 0.5259148615593543 0.5839197799335902 0.6922054153504168 0.8401720153448482 1.013335578165507 1.194745647782021 1.3666445426220488 1.5122056011686227 1.6171802928276717 1.671292963377926
6.849999999999984 1.4714073916338726 1.6634214895040538 1.60693910532306 1.500366020563027 1.3541343512986113 1.1825582721733618 1.0024328452528972 0.8313900023318368 0.6861726086008553 0.580995554347418 0.5261543024534792 0.5270170967558871 0.5834994809368805 0.6900725656969131 0.8363042349613294 1.0078803140865775 1.1880057410070428 1.3590485839281032 1.5042659776590845 1.6094430319125226 1.6642842838064609
6.8999999999999835 1.5313891998863962 1.7072057811115886 1.6485451281941312 1.5378488017014578 1.3859525293373292 1.207724976564306 1.020612298032193 0.8429303864064007 0.6920719851795363 0.5828041657559717 0.52582282361455 0.5267056895364288 0.5853663424538862 0.6960626689465598 0.8479589413106883 1.0261864940837107 1.2132991726158247 1.3909810842416164 1.541839485468481 1.651107304892046 1.7080886470334677
6.949999999999983 1.645271357683921 1.7858912318515816 1.7196937492105144 1.5984047948387985 1.4338969766601757 1.2422734661113357 1.0422917075243037 0.8535273087844217 0.6944578444392506 0.5806541419610235 0.523256100665329 0.5278822407498593 0.5940797233909265 0.7153686777626419 0.8798764959412647 1.0715000064901044 1.271481765077137 1.460246163817019 1.61931562816219 1.7331193306404167 1.7905173719361116
6.999999999999983 1.7768678507591915 1.8730026383837755 1.793906308963777 1.6569919530017898 1.4756617015977853 1.2676654231613373 1.0533632426210924 0.8537325505394198 0.6883145899660925 0.5733016234167291 0.5199519213996402 0.5334877244574888 0.6125840538774869 0.7494984098394739 0.9308286612434786 1.1388249396799266 1.3531271202201711 1.552757812301844 1.7181757728751716 1.8331887394245348 1.886538441441624
7.049999999999983 1.862736741454045 1.935107368613462 1.8397715025857895 1.6857449745896138 1.4881049743511263 1.266197882132523 1.0417455102377862 0.8367188206796042 0.6711872543368759 0.561354194249467 0.5179708655906617 0.5452839308390071 0.6406197968666801 0.7946463248628556 0.992286325101343 1.214193417319946 1.438645789214683 1.643672478772865 1.8092040451155937 1.9190371052030024 1.9624204338618079
7.099999999999983 1.866563251655295 1.943220336268467 1.8320642847766753 1.6642368805465269 1.4561662392263515 1.2282197649019693 1.0027104466767278 0.8017127078343219 0.6449016074862408 0.5476269087017342 0.5194105367505102 0.563014506714177 0.6741705582059678 0.8419979624361168 1.0500686037562927 1.2780150780806738 1.503524396305916 1.7045221351483215 1.861333235496403 1.958607934280909 1.9868243062321338
7.149999999999983 1.8512358776685673 1.8865521760982698 1.7641695076302715 1.590025431676131 1.3811663837233643 1.1580369425921417 0.9424785726146183 0.7555916289276712 0.6156699076972815 0.5364099218894356 0.5255701911517999 0.5842117838538186 0.7065944523218167 0.8807385282759571 1.0895975762287238 1.3127270173599466 1.5282853873374698 1.715172331024417 1.8550940522548063 1.9343540380626525 1.9451937688002885
7.199999999999982 1.727683445011556 1.7790160515098021 1.6526670548310096 1.4812219084199738 1.2814628577359828 1.072943710463131 0.8760757735748125 0.7101298523932285 0.5913498898968518 0.5313628964034892 0.5360408167902323 0.6049257436166372 0.7312747402954296 0.902719886706465 1.102478937390456 1.310998084663308 1.5078660215516266 1.6738119427332103 1.7925919052295873 1.8525788987229492 1.8479009783362068
7.249999999999982 1.5526947571550767 1.652546363521598 1.5293322497538349 1.3677085409675869 1.183496091877448 0.9947269004839632 0.8198790104730219 0.6760677515557778 0.5773703717470104 0.5334480582474822 0.5486002331272801 0.6213436959377595 0.7445578097055223 0.9061815184917703 1.0903939675819094 1.2791631589753938 1.4540110489863354 1.5978223079035794 1.6965196877123467 1.7404420012118749 1.725289826332077
7.299999999999982 1.3911995140429607 1.5415614869318368 1.4258249696876861 1.2768804207524125 1.1093075703334963 0.9395096165786416 0.7841075662532833 0.658313254793019 0.5744403058640847 0.5406987880848411 0.5603915563064992 0.6315909451679387 0.7473274624120895 0.8962720113473626 1.0638448617662795 1.233642815521134 1.389044865846492 1.5148391773067567 1.5987121262356907 1.6324536440149342 1.6127608757932763
7.349999999999982 1.2826100215621643 1.469554336169784 1.3617908111417616 1.2238097947801656 1.0691178303367406 0.9128572450935015 0.770323913865572 0.6554699922016565 0.5795381821885454 0.5499612184383509 0.5696343002377665 0.6366316892698445 0.7443952142978671 0.8823762306594631 1.0370681951028882 1.193328780346127 1.3358621115740568 1.4507160332379727 1.5266478432510833 1.5562248070012776 1.536551725201862
7.399999999999982 1.250242824219962 1.4449649786949852 1.3423201514607288 1.2103125376162054 1.061863962155646 0.9115056059471731 0.7739555925047412 0.6626782755113915 0.5885662540690908 0.5588741292054273 0.5765083729792561 0.6397428227449925 0.7423876499792489 0.8743952638237722 1.0228438392843318 1.173202195492804 1.3107522089352366 1.4220295259285864 1.496141547370887 1.5258336722345498 1.5081994284607223
7.4499999999999815 1.307281200036915 1.4638644488322692 1.3613843784037023 1.2288619277295227 1.0792693176199277 0.9272497150254448 0.7876838578308755 0.67423342455093 0.5980037340506982 0.5664566795598265 0.5826803065731354 0.6450865334419056 0.7475666038704725 0.8800890545446518 1.0296816646542468 1.1817012672487293 1.3212671244432987 1.4347175577232443 1.5109472482234765 1.5424943027143483 1.526270675701039
7.499999999999981 1.453503788647453 1.512534978885117 1.4045320526297598 1.2651957134874945 1.1081651731469269 0.9488116749926999 0.8027338497052576 0.6842308126077901 0.604902466630607 0.5725140229910413 0.5902358882160905 0.6563333226620308 0.7643362489173879 0.9036725880596532 1.060703128400221 1.220056626554447 1.3661344518418903 1.4846374889393577 1.5639658349165406 1.5963542785561065 1.5786324133310576
7.549999999999981 1.658548253229987 1.5680342698331216 1.4496522301790546 1.299184400959179 1.1313596216685486 0.9626057510081245 0.8094415936155024 0.6868599243737076 0.606859891144837 0.5772724545743392 0.6009938391015276 0.6757020303322759 0.7940840699863427 0.9445518992062182 1.112376678496848 1.2811305491572726 1.4342947065498948 1.5568763757916897 1.6368764090205603 1.6664638455910579 1.6427424610638697
7.599999999999981 1.8390376060505143 1.6017302445745039 1.4708315109225163 1.3087661177734573 1.13139815498475 0.9560896345494149 0.8000009758939475 0.678411224461178 0.603222432286959 0.5817946022204217 0.6162252395649503 0.7031440336449059 0.8340427672968938 0.9961081604459522 1.17347612323466 1.3487846436699944 1.5048733023254628 1.626463053758232 1.7016518459324508 1.7230796759989886 1.6886490386544597
7.649999999999981 1.8798858476002562 1.5896949104327411 1.4483543913272905 1.2790524925906646 1.0983616636668951 0.9239691818380732 0.772945798289472 0.6600747340446155 0.5964045952907371 0.5881678588250081 0.636170793801412 0.7357145384883436 0.8770550575937938 1.0463569563304196 1.2270477852541892 1.4014402670830113 1.5524636506316125 1.6653347148764688 1.7290048536303473 1.737241590096076 1.6892386551196723
7.699999999999981 1.8147082579476674 1.5252069278792617 1.3795527788716089 1.2110944883649597 1.0363219275520323 0.8723430523972291 0.7352092577087073 0.6383441547779092 0.5912295747785591 0.5984774210675737 0.6593782239514709 0.7679705885231295 0.9136247375307825 1.0820830280374318 1.2568555888503594 1.4208344640051624 1.5579682586936845 1.6548333616244821 1.7019479416238328 1.6947000953348175 1.6337992924509206
7.7499999999999805 1.5995105873772832 1.4231662539072623 1.2811275669835842 1.122201351256765 0.961944412026203 0.8160438150795364 0.6987813273951388 0.6216354182833519 0.5921576668351929 0.6132335607459785 0.6828000446753333 0.7940474664780576 0.9360861534017361 1.0950123691285552 1.2552693083591173 1.4011699053057838 1.5184323929901817 1.595578302101968 1.6250560535501277 1.603980159639342 1.5344136757099875
7.79999999999998 1.3413874824852179 1.311731755298235 1.179882904685847 1.0364110167462726 0.8953601194984608 0.7705372575244156 0.6741609622461753 0.6156652169387075 0.6007759927165308 0.6309507505858358 0.7032357750064759 0.810555304148778 0.942404154761166 1.0858760427007403 1.2269269399485523 1.3517498019225973 1.4481260972008376 1.5066218425083056 1.5215110667304823 1.4913363088611773 1.4190512844405372
7.84999999999998 1.113829457226213 1.2176860924363926 1.099117567727259 0.9726049272641866 0.8505321097610983 0.7448484531265283 0.6658990100132013 0.6214119019861661 0.6157418371390159 0.6494438409246542 0.7192189263968758 0.8182370220380517 0.9368055467471852 1.0633181872102575 1.1853910047133462 1.2910746613479163 1.370024104461243 1.4145112124882786 1.4201812773354288 1.3864792735497904 1.316704188077569
7.89999999999998 0.9520862328079014 1.1565919541111573 1.0507532951126375 0.9388557722303642 0.83185269463994 0.7402182691101965 0.6729223116665684 0.6365522195021449 0.6346681506433123 0.6674545308770523 0.7317020008699441 0.8211215706206371 0.9269602296191572 1.0388577525014306 1.1458608300918545 1.2374952556215981 1.3047912130652262 1.34116130522965 1.3430453740884827 1.3102589938547422 1.2460115238618508
7.94999999999998 0.8754585321969677 1.1321718862814767 1.0360085306141718 0.9341796867749381 0.8366530714820342 0.752975269348214 0.691337246663865 0.6577725625466886 0.6555667621369792 0.6849357645475542 0.7430047271965944 0.8240894554297586 0.9202528110970638 1.0220816549362972 1.1196082702292012 1.203286072363021 1.2649240950473701 1.2984887791645465 1.3006945795742562 1.2713255771636809 1.213256614514641
7.99999999999998 0.9057365853768261 1.139960674475871 1.0491250295097323 0.952056220434146 0.8582560185995909 0.7769062413060694 0.7159699715522982 0.6814120759897325 0.6766153222150533 0.7020492499086741 0.7552242090193501 0.8309350640576021 0.9217707090237404 1.0188395180993273 1.112639719933882 1.1939894972274037 1.254925766981175 1.2894836625437407 1.2942804163184198 1.268846488624799 1.2156715295141232
8.04999999999998 1.0760792170859448 1.1688935977010986 1.0786614769029739 0.9813559654768266 0.8865020048484111 0.8033845615704409 0.7401397501042445 0.7029584132486454 0.6954801193126763 0.7184368958111272 0.7695815735110638 0.8439077550132914 0.9341398758114161 1.0314453872375635 1.1262993478659793 1.2094167911439493 1.2726616026101458 1.3098429394657447 1.3173212334017137 1.2943644569032626 1.2432197792033266
8.09999999999998 1.4103301788911942 1.2011813390170094 1.1075873316507003 1.0066451765009967 0.908235795019303 0.8219921831235253 0.7563564664405997 0.7177535262303797 0.7099620872431417 0.7337448298131033 0.7867737333934062 0.8638579594275133 0.957451966793823 1.0583941219435262 1.15680350342522 1.2430471153209974 1.3086828320039234 1.347285772214143 1.3550772112013818 1.3312944686314196 1.2782655650511168
8.14999999999998 1.8097200205442505 1.2157845621620558 1.117180963129309 1.0122772116895822 0.9113420179412107 0.8242556219051328 0.7595426467919589 0.7235376494875775 0.7197650499897076 0.7485941366224474 0.8072029175221273 0.8898543568628977 0.9884579558956443 1.0933617073353712 1.1942969010837425 1.2813832971198205 1.346096272232994 1.3821012695373758 1.385873869035246 1.3570447824025058 1.298436001502826
8.199999999999982 1.908861932133754 1.1972493395048902 1.0954517271495892 0.9899818705529005 0.8911638941302097 0.8086707899190966 0.7505775577229982 0.7225707678686185 0.7273919200816832 0.7645690863926341 0.8304631067344077 0.9186238152853134 1.0204214276406145 1.1258912842373032 1.2247092606599943 1.307202364871107 1.3652955970672056 1.3933023869215853 1.3884812347085214 1.35130406839757 1.2854100480557964
8.249999999999982 1.6530395244118545 1.1441800300036542 1.0440808609933858 0.9440416798019416 0.8538550184983005 0.7823489758582813 0.7365230615473836 0.7208630353462774 0.7369018097293454 0.7830693977112609 0.8548465941118545 0.9452073468463008 1.045306515856569 1.1453456970480138 1.2355323583516546 1.3070384009916736 1.3528643153025712 1.3685243415036779 1.3524855671206095 1.3063179791386936 1.2345407827381008
8.299999999999983 1.217310256019436 1.0699177849797945 0.97751003358835 0.8890235055849135 0.8131198788523544 0.7572291292269195 0.7268222326956978 0.7248756281484707 0.7515798628011123 0.8043209401064784 0.8779361959492264 0.9652196561798216 1.0576274075712662 1.146113935574703 1.2220175623072622 1.2779083119326966 1.3083152084639185 1.3102618130111459 1.2835575783585043 1.230816501053138 1.1572012452103897
8.349999999999984 0.8534657163088382 0.9946205249024032 0.9146909834369803 0.8417313023716918 0.7828832836291979 0.7439073813022694 0.7286188282717457 0.738514174629868 0.7726247949301706 0.8276117039949926 0.8980924000487475 0.9771677414938076 1.0570972829592304 1.1300569640245186 1.1889049827670128 1.227880885093941 1.2431694381244647 1.2332740917663425 1.1991634714660406 1.144176562401218 1.0736958663474636
8.399999999999984 0.6032309756140569 0.9354291643063153 0.8703241146111709 0.8139129842912602 0.771717687821754 0.7478685948130039 0.7447002206551087 0.762522707886004 0.7995914672789595 0.8522779503913589 0.9154248371678477 0.9828508703605119 1.0479559200556565 1.1043670503755667 1.1465623468450739 1.1704114398538232 1.1735798140117184 1.1557573267808232 1.1186885673878681 1.0660020842754685 1.0028551974989799
8.449999999999985 0.44528164835698764 0.9016277865543032 0.8513797801506857 0.8101595516781679 0.7820020242978597 0.7696634529747746 0.7743516230378972 0.795607623737048 0.8313507696245288 0.8780822725437316 0.9312277273913989 0.9855848867608831 1.0358328931645004 1.077053121637018 1.1052106490173266 1.1175492203404114 1.112861050277289 1.091605049578138 1.055861903690658 1.0091304007714548 0.9559849459237877
8.499999999999986 0.35982063248302343 0.8953626474706846 0.8583779099886869 0.82954558242232 0.8116879738804199 0.8065531115083416 0.8146436314117547 0.8351675771325456 0.8661159218648254 0.9044592259964013 0.9464441797653661 0.9879610033704391 1.0249457408524367 1.0537780684188034 1.0716356769607038 1.0767705393327818 1.068680019429369 1.048156073708578 1.0172077289762982 0.9788644248447225 0.9368794710757576
8.549999999999986 0.34537207295852185 0.9134413594421643 0.8869704075798325 0.866884323228514 0.8551492722724957 0.8529139632622597 0.8603972038180416 0.8768664822154393 0.9007096707367046 0.9295928319641138 0.9606886808359107 0.990953339007005 1.0174242908693367 1.0375103752206547 1.0492454261766735 1.0514807351869095 1.0439974946311277 1.0275282162337307 1.0036850277124647 0.9748018664850554 0.9437060176132583
8.599999999999987 0.43943008779802895 0.9472270194029667 0.9276845907586574 0.9123713174360517 0.9027861693218167 0.8998674074970268 0.9039007407053016 0.914491358190331 0.9306025765235091 0.9506573174009252 0.9726924830559026 0.994551117946105 1.0140935465904146 1.0294068199130197 1.0389919680272548 1.0419107298520451 1.03787739664377 1.027286779158741 1.0111755608255628 0.9911208199481465 0.9690856542931691
8.649999999999988 0.8149851205947297 0.9826044863298263 0.9663055211823188 0.9523886429078454 0.9422161325165048 0.9367837462014482 0.9366232437848548 0.941750336361547 0.9516631483875633 0.9653913447551747 0.9815911139539515 0.9986767097042876 1.0149756748517953 1.0288925531262685 1.0390650635176095 1.0444974498326656 1.044657952249259 1.0395308596725668 1.0296180476465504 1.0158898512789392 0.9996900820801629
8.699999999999989 2.099981562991481 1.0036219880290251 0.9880553896781891 0.9739991272166758 0.9628291255499581 0.9556387822671515 0.9531319382668447 0.9555539809059975 0.9626678237757254 0.973777114370882 0.9877943979250349 1.0033475650597456 1.0189141634105816 1.0329704258720946 1.0441404275388124 1.051330770821619 1.053837614821926 1.0514155721827734 1.0443017293130452 1.0331924387178884 1.0191751551637356
8.74999999999999 2.064913556349685 0.9995722149412929 0.9845305249433218 0.9713861875151163 0.9614258619861336 0.9556245344168192 0.954550079169883 0.958307671411066 0.966529491831116 0.978410731362527 0.9927883714985015 1.0082550286476204 1.0232967186455921 1.036441056073798 1.0464013816027802 1.0522027091720947 1.0532771644190306 1.049519572177848 1.0412977517577982 1.0294165122263867 1.0150388720904122
8.79999999999999 0.7111084788344361 0.9706782392244472 0.9583925298215711 0.9493621184431636 0.9444709646735198 0.9441978487222844 0.948569505081675 0.9571580055681131 0.9691226479143853 0.983292249565073 0.9982797911851875 1.0126181877766083 1.0249038971794846 1.0339343085578918 1.038825462327536 1.039098578278771 1.0347269219193809 1.0261384214329425 1.0141737790866703 1.0000041774359822 0.9850166358158682
8.84999999999999 0.32101900036269354 0.9277800025666878 0.9219157871985515 0.9209281077931979 0.9249136452923912 0.9334822675168367 0.9457952180221051 0.9606472194233697 0.976584454343496 0.9920468751872566 1.0055209124694444 1.01568763354174 1.0215518489098767 1.0225395283152303 1.018553990816037 1.0099853685915914 0.9976724180863229 0.9828204166850586 0.9668831817649326 0.9514207609211714 0.9379467236389838
8.899999999999991 0.22471539508671495 0.886425650765264 0.8906474460017942 0.9008653442987452 0.9160791465785283 0.9347996198732045 0.9551942738234839 0.9752667376028044 0.9930521786033661 1.0068096339415806 1.0151924280351163 1.0173799945917361 1.0131581993552066 1.002940301058255 0.9877264987784722 0.9690060254837957 0.9486113715335158 0.9285389077541958 0.9107534667536341 0.8969960114154193 0.888613217321884
8.949999999999992 0.23223179881440048 0.8601841210223169 0.8771476354630217 0.9001881163960201 0.9270502010151206 0.9551044413186565 0.9816046928003315 1.003956926207011 1.019973149195681 1.0280855822686232 1.0275001239540134 1.0182740829908137 1.001310568550109 0.9782700876171102 0.9514080029980096 0.9233537626944739 0.8968535112127987 0.8745012778061193 0.8584850548174495 0.850372621744507 0.8509580800591169
8.999999999999993 0.305577138000578 0.8573650187858766 0.8883862771034208 0.9242724170613106 0.9615106532470287 0.9964558476486687 1.0256873211607123 1.046343693488149 1.0564029749861596 1.0548804930945845 1.0419252789487257 1.0188054791734644 0.9877842208559198 0.95189808089803 0.9146598447123124 0.8797146503106718 0.8504831767986284 0.829826804471192 0.8197675229731809 0.8212900048647561 0.8342452190106152
9.049999999999994 0.4502883230355106 0.8809578903671522 0.9259594933921709 0.9732783098919765 1.0182824444179877 1.0565665787205551 1.0843831949928948 1.099009409024509 1.099013505079157 1.0843950822064718 1.0565850934897725 1.0183057743882349 0.9733041713632162 0.9259853548634103 0.8809812203373995 0.8426970860348318 0.8148804697624922 0.8002542557308777 0.8002501596762298 0.8148685825489149 0.8426785712656144
9.099999999999994 0.6997385459997421 0.9287079308232356 0.9860392426519275 1.0419720395817744 1.0910312297425724 1.1284145577859048 1.1504626830979285 1.1550173815547813 1.1416328075370548 1.1116191364054158 1.0679143154077722 1.0147964769327655 0.9574651651040745 0.9015323681742268 0.8524731780134289 0.8150898499700963 0.7930417246580723 0.7884870262012202 0.8018716002189465 0.8318852713505857 0.8755900923482298
9.149999999999995 1.114895440876005 0.9919174142940242 1.0582129350088183 1.1187051712798541 1.1674727215467289 1.1997418782058178 1.2123539113708954 1.2040742673625613 1.1757134154240234 1.1300475133447 1.071546657793165 1.0059373201102288 0.9396417993954347 0.8791495631243988 0.8303820128575247 0.7981128561984352 0.7855008230333579 0.7937804670416917 0.8221413189802298 0.8678072210595531 0.9263080766110885
9.199999999999996 1.7273012039501938 1.055345314247937 1.1259999281050472 1.1865702838979593 1.2311273331831807 1.2553095215294547 1.2567497278542354 1.2353069747279461 1.1930802282270334 1.1342029365100499 1.0644384191124672 0.9906157130751343 0.9199610992180243 0.8593907434251115 0.814833694139891 0.7906515057936169 0.789211299468836 0.8106540525951255 0.8528807990960381 0.9117580908130213 0.9815226082106042
9.249999999999996 2.1969996394085354 1.1014201615916632 1.1719480609939454 1.2291422487157837 1.2674041591676286 1.2829884499680468 1.274369622151354 1.2423913466351542 1.190183879832719 1.1228576523454799 1.0470030244092998 0.9700451755168406 0.8995172761145591 0.8423230883927199 0.8040611779408755 0.7884768871404572 0.7970957149571497 0.8290739904733497 0.8812814572757856 0.9486076847630239 1.024462312699204
9.299999999999997 2.1577252084205156 1.1181837489922792 1.1859144762523783 1.238660487447972 1.2712586355001656 1.2805179865529592 1.2655321708116107 1.227768104333203 1.170922397062365 1.1005595028940975 1.0235670321567025 0.9474815443240422 0.8797508170639435 0.8270048058683497 0.7944066578161557 0.7851473067633628 0.8001331225047108 0.8378971889831186 0.894742896253957 0.9651057904222241 1.0420982611596192
9.349999999999998 1.5730492040488604 1.105839353164139 1.1709188071862715 1.2208598193441171 1.2507738154081742 1.2577326050206266 1.2410550133694687 1.2023735593251315 1.1454746531190103 1.075927956128552 1.0005411836155131 0.9266937181239994 0.8616142641018671 0.8116732519440215 0.7817592558799646 0.7748004662675118 0.7914780579186692 0.8301595119630072 0.8870584181691282 0.9566051151595865 1.0319918876726253
9.399999999999999 1.1218081735079914 1.0767988612084682 1.141870349977335 1.192423187513255 1.2235089098558831 1.232084629915359 1.217310896461706 1.1806338654600215 1.1256437402486523 1.0577233374220176 0.983521179238062 0.9103006899366675 0.8452292011678008 0.7946763636318802 0.7635906412892525 0.7550149212297765 0.7697886546834295 0.8064656856851137 0.8614558108964833 0.9293762137231178 1.0035783719070737
9.45 0.9062866359683935 1.0493027477936387 1.118201272769195 1.1730024321674035 1.2083419066842382 1.2207604223293944 1.2090423682666374 1.174334789272114 1.1200351049997295 1.0514585468742126 0.9753178662058639 0.8990662433218177 0.8301677183462619 0.7753665589480531 0.7400270844312185 0.7276085687860621 0.7393266228488191 0.7740342018433427 0.8283338861157268 0.896910444241244 0.9730511249095927
9.5 0.8590872837017508 1.0398086488389278 1.116176630049566 1.1778453504054085 1.218778245886787 1.2349685194877305 1.22483135442391 1.1893590470415538 1.132023873937346 1.0584382013323663 0.9758051075627197 0.8922132955851969 0.8158453143745591 0.754176594018716 0.7132436985373378 0.6970534249363939 0.7071905900002148 0.7426628973825706 0.7999980704867787 0.8735837430917581 0.9562168368614052
9.55 0.9314651330380787 1.0590167845013998 1.1454191858040996 1.2149886952299587 1.2609153644770998 1.2787035711696921 1.266612081698941 1.2258244953006043 1.1603333851151767 1.0765494773110031 0.9826741245407681 0.8878965004016642 0.8014940990989647 0.7319245896731058 0.6859979204259649 0.668209713733372 0.6803012032041237 0.7210887896024598 0.7865798997878876 0.8703638075920608 0.9642391603622961
9.600000000000001 1.1022080619740888 1.1113306963247251 1.2087016926645582 1.2853772423831837 1.3338518084441755 1.3493803625793226 1.330442861716077 1.2788930403842613 1.199776954264558 1.1008390371005483 0.9917640215652501 0.8832289301495773 0.7858579338097451 0.7091823840911189 0.6607078180301267 0.6451792638949803 0.6641167647582259 0.7156665860900414 0.7947826722097447 0.8937205893737539 1.002795604909052
9.650000000000002 1.360302214826988 1.1939980472293792 1.3010425792897575 1.3819652039352752 1.4288446508445498 1.4370920331257886 1.405900039538413 1.3383219597421536 1.2409728070316368 1.123381794745597 0.9970595504713519 0.8743713756172931 0.7673268435569148 0.6864042189113968 0.6395247720021221 0.6312773897208832 0.6624693833082588 0.7300474631045184 0.8273966158150359 0.9449876281010752 1.0713098723753203
9.700000000000003 1.6794971647371157 1.2945994840979065 1.4073666720101436 1.4877098869177372 1.5277645751614386 1.5236099047785305 1.4756525638533826 1.388586951054191 1.2709356551835347 1.1342152048060121 0.9918087501919678 0.8576560273231351 0.7448888394108983 0.6645456245033043 0.624490936259603 0.6286456066425108 0.6766029475676587 0.7636685603668505 0.8813198562375071 1.018040306615029 1.1604467612290736
9.750000000000004 1.9794909854972105 1.3908561151213938 1.5032802497553688 1.57733112061013 1.60576011250366 1.585784397632986 1.519359338148638 1.4129870816835484 1.2770800858396107 1.1249418742897492 0.9714647951897146 0.8316722543795066 0.7192481197455327 0.6451972488907706 0.6167682569972407 0.6367439718679149 0.7031690313522627 0.8095412878173522 0.9454482836612901 1.0975864952111516 1.2510635743111864
9.800000000000004 2.110482545162741 1.4574877310849743 1.5633017946003205 1.6265174126151702 1.6409465999891213 1.6051769273279521 1.5227097794136997 1.4016176152666187 1.2537537796121432 1.0935922149120543 0.9368106510304359 0.798755959801408 0.6929418962860623 0.629726278271212 0.6152970908972607 0.6510667635584305 0.7335339114726827 0.8546260756197634 1.0024899112742391 1.1626514759743276 1.3194330398559464
9.850000000000005 2.108266459916937 1.4785345856040355 1.5737581882718656 1.6247032960814023 1.6263830469248104 1.5786330150860255 1.4861273063754619 1.357921024086881 1.2065638923963837 1.0468718019209813 0.894476527116626 0.7642955792814822 0.6690719766136528 0.6181268688041158 0.6164471179607073 0.6641971497994922 0.756702858510056 0.8849091407986367 1.0362662724891347 1.1959583629645367 1.3483536377688918
9.900000000000006 1.8785208243793832 1.4566218896800822 1.5410682639625513 1.581883975266876 1.5750736973908093 1.5213040677828538 1.425838432424076 1.2980216328515868 1.150365267959549 0.9973229715259831 0.8538755898341867 0.7340647520608294 0.6496183777783608 0.6088026664740354 0.6156129443501029 0.6693825739580578 0.7648482093168353 0.8926650088893247 1.0403213737813628 1.1933636702149286 1.3368110519067247
9.950000000000006 1.6082641485621534 1.4116244544779666 1.4884994849642674 1.5235862286001223 1.513450150454737 1.459083440479191 1.365807891041032 1.2427539628082358 1.1019670316433592 0.9572283032890495 0.8227058129306463 0.7115675591977322 0.634692528711432 0.5996057850755765 0.6097418632209617 0.6641085731965077 0.7573841226346664 0.8804380508674631 1.0212249820323398 1.1659637103866491 1.3004862007450524
10.000000000000007 1.4132164359923178 1.3701324283093972 1.4442500618143739 1.4781755680629534 1.468588082130624 1.4164260939403848 1.3267955823302375 1.2084702062690795 1.0730324779871487 0.9337399859788219 0.8042276498697323 0.6971730394837439 0.6230554059787674 0.5891298997301878 0.598717385662517 0.6508793738527564 0.7405098854629035 0.8588352615240615 0.9942729898059919 1.133565481814319 1.2630778179234086
