0.0 1.8283437968500207 1.3821188185695799 0.7140707693562197
4.4 1.8283488875790994 1.382116388703194 0.7140723908576215
8.8 1.8283631767447637 1.3821080365418985 0.7140778146982395
13.200000000000001 1.8283837856039191 1.3820905941815573 0.7140887306559359
17.6 1.8284061620524956 1.3820588604288742 0.714107987395915
22.0 1.8284244471491564 1.3820057160907921 0.7141396416324187
26.400000000000002 1.8284319875468031 1.3819222848383965 0.7141890256463267
30.800000000000004 1.8284219903447514 1.381798136512359 0.7142628332035657
35.2 1.8283883190820875 1.3816215324207837 0.7143692221240713
39.6 1.8283264258500231 1.381379708857897 0.7145179330696222
44.0 1.8282344129605408 1.3810591973541757 0.7147204225358332
48.400000000000006 1.8281142113974187 1.3806461760686415 0.7149900098738395
52.800000000000004 1.8279728506511503 1.3801268422919564 0.7153420401182078
57.2 1.8278238102579352 1.379487822448009 0.7157940502489113
61.60000000000001 1.8276883743726133 1.3787165794080214 0.716365956303422
66.0 1.8275969504008924 1.377801846158663 0.7170802414126426
70.4 1.8275902280353173 1.3767340540755677 0.7179621577864347
74.80000000000001 1.8277200465178423 1.3755057602485683 0.7190399354671776
79.2 1.828049763104057 1.3741120503449857 0.7203450054177848
83.60000000000001 1.8286539329252733 1.3725509624594927 0.7219122106699227
88.0 1.8296168996076223 1.3708238180219636 0.723780056259692
92.4 1.8310301249870344 1.3689355958180867 0.7259909286597745
96.80000000000001 1.832987795205381 1.3668951810544354 0.7285913635507897
101.2 1.835580638941894 1.36471565855101 0.7316322663409913
105.60000000000001 1.8388877899114484 1.3624144435037848 0.7351692026424492
110.00000000000001 1.8429671605496591 1.360013500732547 0.7392626044278149
114.4 1.8478447781333418 1.3575392962117094 0.7439780831821606
118.80000000000001 1.8535046845937881 1.3550229344080296 0.7493866231016716
123.20000000000002 1.8598805206965583 1.3524999598404712 0.7555648830827966
127.60000000000001 1.8668510726298326 1.3500103521372075 0.7625953690377307
132.0 1.8742409440127212 1.3475982457670956 0.7705666940857206
136.4 1.8818274734612543 1.345311747815682 0.7795737387536635
140.8 1.8893533973390764 1.343202549826927 0.7897178162793059
145.20000000000002 1.8965440691237287 1.341325640296477 0.8011067727145851
149.60000000000002 1.9031265129893928 1.3397388349581079 0.8138550902999837
154.0 1.9088475654067156 1.3385023930598559 0.8280838039388806
158.4 1.913488553485189 1.3376784616859665 0.8439205126278713
162.8 1.9168748051155715 1.3373307043799785 0.8614991570446864
167.20000000000002 1.9188793750621 1.3375236515765527 0.8809598088738019
171.60000000000002 1.9194216452476551 1.338322220916748 0.9024482569081548
176.0 1.9184619909281435 1.3397913306675653 0.9261155320754555
180.4 1.9159939723026311 1.341995163632359 0.9521173722384213
184.8 1.9120356617347103 1.3449968668878527 0.9806133225764317
189.20000000000002 1.9066211581711932 1.3488581201337217 1.0117659277180282
193.60000000000002 1.8997930942257553 1.3536385369353625 1.0457396703191708
198.00000000000003 1.8915965665532042 1.3593952661925786 1.0826997078732852
202.4 1.8820745385038888 1.3661827647761238 1.122810609473774
206.8 1.8712647163564073 1.3740524649643386 1.1662346192087534
211.20000000000002 1.8591976071816354 1.3830522358136539 1.2131302864276823
215.60000000000002 1.8458956697426618 1.3932263649113275 1.2636503113312918
220.00000000000003 1.83137314523259 1.4046152939174548 1.3179399465704766
224.4 1.815636608621308 1.4172553514118762 1.3761345930743665
228.8 1.798685814656262 1.4311783673492071 1.4383580380375567
233.20000000000002 1.7805148994742586 1.4464120897492585 1.504719794114063
237.60000000000002 1.7611137159613803 1.4629795471456937 1.5753131930455262
242.00000000000003 1.740469267048428 1.4808989585602421 1.6502131898413486
246.40000000000003 1.7185672261936338 1.5001841047562163 1.7294736284757606
250.8 1.6953933669109584 1.520843803814999 1.8131255471036294
255.20000000000002 1.6709350160540501 1.542881739055439 1.9011750662906515
259.6 1.6451824058067361 1.5662970974345698 1.9936010018559969
264.0 1.6181299600848735 1.5910838484697147 2.0903534868782794
268.40000000000003 1.5897774220451573 1.617230843183489 2.191352542934551
272.8 1.5601309853907115 1.6447222356955935 2.2964860037107004
277.20000000000005 1.5292041632995756 1.673536862746366 2.4056092250207306
281.6 1.497018506350665 1.703649094389988 2.5185440331681477
286.0 1.463604390291389 1.7350278376671782 2.63507839984784
290.40000000000003 1.4290013346721133 1.7676378716297032 2.754966233030667
294.8 1.3932584313303624 1.8014391021206402 2.8779279206406545
299.20000000000005 1.3564345768292592 1.83638680536062 3.003650681695421
303.6 1.3185982043483986 1.8724327038615816 3.1317904038434103
308.0 1.2798274820728264 1.9095241828828438 3.2619722868657672
312.40000000000003 1.24020971793879 1.947605434876652 3.393793602323307
316.8 1.1998411234541095 1.9866170426258503 3.526825638887818
321.20000000000005 1.1588260427891863 2.026497597789487 3.6606162351077463
325.6 1.1172764305791762 2.067182932132148 3.7946929984499964
330.0 1.0753108015131236 2.1086076225702057 3.9285668925194663
334.40000000000003 1.0330534703557923 2.1507046683376267 4.061735843458812
338.8 0.9906334448359602 2.193407149022906 4.193687991720617
343.20000000000005 0.9481834214096746 2.2366477126243445 4.323906496740413
347.6 0.9058385281414135 2.2803600710218257 4.451873487310349
352.0 0.8637351211754003 2.3244793075834718 4.577074899657094
