4.3483158445793055
0.4753565385648773
0.4629764962316702
0.2719490818374858
0.5848220877140754
0.4926951983510474
0.9589666182391512
1.017527056626551
0.23573818813719788
0.04686838275773075
2.444229917294389
2.7547766652948322
0.20880695535364055
1.3231178537183088
1.5441847041088956
0.47369527793056626
1.7101657890295068
0.04881337362997959
1.6495532681793355
0.3980570929332802
0.2608324335102068
1.4171146715766405
0.2467108394058425
0.34511006977771813
0.8436654475827036
1.3720493955883748
1.8653967538373761
0.26200563965095397
1.175295848775473
0.7230913759416634
0.5806002022536811
0.2616666873362658
3.807997021691069
0.6614886470110434
0.24869839328116702
0.4851689146905691
0.1803864437933124
0.9864998787189686
0.6159301596446192
0.406504981469217
0.6742555673407784
3.227088121230923
0.7955102310579271
1.9976228806300576
3.5274286964389043
0.4906582696749107
1.0779783490405996
0.5785245354270655
0.28340658278443864
0.3128590674410658
0.06382384021437955
0.7128149724935293
0.27396814726881635
0.39229305815197724
1.5121966825051127
1.9051573068086274
3.987948371931981
0.4022967834518297
1.0945057831166234
1.1657012283893913
0.243708666719597
1.4796049398824942
1.1369333610595416
0.41595467344120496
0.3219574865480079
0.800595633500951
0.561612414468914
0.3536165627605172
0.8876884115727776
0.17269230247483938
0.2158200432390736
2.909558581199719
1.0931463563167834
0.031635461673037546
0.8073229633854515
1.2310468596562034
0.417785706749991
0.6043393865215643
0.11035025509607235
0.09516563236696483
0.8862941331279959
0.5405824507235586
0.2867388213517539
0.28188322368276886
3.0577661719534013
0.06887495441542618
1.7375585948228738
1.1339991857245149
1.42118464746482
0.5567129455682855
0.3813716330291951
3.7766693265406457
2.7267948940807383
0.08541920617805458
0.12070476812477958
0.5498840802026694
0.1459424256587828
3.1077142860996214
0.7718179086277364
1.0543617506061054
2.0766735699549144
0.4483004118833521
0.4688285600946917
2.175449364694124
1.5695899407622682
0.8286275866702854
0.0031642856064329943
1.012477272368058
0.16353718702464307
0.04838192379136575
1.8269969133240977
0.17039277772689163
0.7359954473043714
0.1290968399290781
0.03263157767210578
1.2437393878767176
0.9182162561861568
1.9591686015104792
0.5793728324201323
0.3242750347746022
0.8204424170955515
3.1153886201612266
0.13336769783409838
1.5041082505325947
0.2771747486518837
3.1058478086425274
0.22170604106638978
0.8981056852723868
1.186779368246674
0.6002730503991571
0.7276884844171548
2.0310742130100397
5.037638451415302
0.5247545153788746
2.405536494350498
0.02251811056126733
0.43604559479004723
1.6751195901344442
2.360841333721836
1.2545616039073375
0.0495558866047639
1.3590798802061494
0.5205970049968841
0.778331724744271
0.11331599036131436
0.07487776151694639
0.6389030263541862
1.4204799571493547
0.42471204498176407
0.8624035036718076
1.6187927697876612
2.481115700412439
0.7420472344707242
0.8491154858903548
4.435683553194081
0.741528873423211
0.6518897432327774
1.5167130413404883
1.0646358114735535
0.29722513853358606
1.2540743658782587
0.23661837656140255
0.22170233597336916
0.5448008580313202
0.5484635827477591
0.3696168800032142
0.7294282596218539
0.013340999483861634
0.7025122031067691
1.5456404921690743
2.381199541327369
1.423278900443668
1.023473967285415
0.6140240735969793
0.6011065938433953
1.609363996236514
0.6395381879741352
0.16127079597430238
0.03048070240879231
2.945904781452928
0.15565691037756604
0.5783871942483463
0.08038980938290997
2.9761186775025084
1.1717589959483086
1.102932238269533
0.20735715723397738
0.45872209481603105
1.268332183292064
0.07555430512975585
0.049935340067510665
0.3948235239244372
0.44906499128455846
2.9170842893115583
0.15953708983938014
0.17668644113792384
3.369485342175664
0.147432653749708
2.342909280945089
0.1846817482748906
0.18673807739245368
