0.0 1.0
0.05 0.9952509422824078
0.1 0.9825484449450482
0.15000000000000002 0.966073097475788
0.2 0.9513075664283298
0.25 0.9430463206544786
0.3 0.9434314210623655
0.35 0.951027662637142
0.39999999999999997 0.9615119199097676
0.44999999999999996 0.9695270662665586
0.49999999999999994 0.9706799660706842
0.5499999999999999 0.9629319061651866
0.6 0.9471410862790484
0.65 0.9267733674739104
0.7000000000000001 0.9068370701257428
0.7500000000000001 0.8921869570048196
0.8000000000000002 0.8856657741056211
0.8500000000000002 0.8869229793283923
0.9000000000000002 0.8926047943343568
0.9500000000000003 0.8977962767771788
1.0000000000000002 0.8978886669603057
1.0500000000000003 0.8900810527884926
1.1000000000000003 0.8741758009180399
1.1500000000000004 0.852632451546317
1.2000000000000004 0.829894222667244
1.2500000000000004 0.8110059629021673
1.3000000000000005 0.7997609352861089
1.3500000000000005 0.7970797280708694
1.4000000000000006 0.8005478727650263
1.4500000000000006 0.805448556306252
1.5000000000000007 0.8066586119547937
1.5500000000000007 0.8004521508960067
1.6000000000000008 0.7856536566202795
1.6500000000000008 0.7640121557479462
1.7000000000000008 0.7397830365769206
1.7500000000000009 0.7184622382227457
1.800000000000001 0.7047678569867316
1.850000000000001 0.7005391877993012
1.900000000000001 0.703775408236312
1.950000000000001 0.7095487055933906
2.000000000000001 0.7121679310987433
2.0500000000000007 0.707319911884968
2.1000000000000005 0.6934204359194711
2.1500000000000004 0.672051596789529
2.2 0.6475419740773981
2.25 0.6256560787399922
2.3 0.6114535252402046
2.3499999999999996 0.607002351923373
2.3999999999999995 0.6103249845082006
2.4499999999999993 0.6164198523892516
2.499999999999999 0.6195812764468366
2.549999999999999 0.6155534337472269
2.5999999999999988 0.6027654307488246
2.6499999999999986 0.582653811390391
2.6999999999999984 0.5592330136857785
2.7499999999999982 0.537917940773463
2.799999999999998 0.5236023933536668
2.849999999999998 0.5185189559865867
2.8999999999999977 0.5211288582520593
2.9499999999999975 0.5269372476265858
2.9999999999999973 0.5305976052772952
3.049999999999997 0.527916321410227
3.099999999999997 0.5170315116060995
3.149999999999997 0.4987984415755297
3.1999999999999966 0.4765649692260935
3.2499999999999964 0.4553244827402327
3.2999999999999963 0.4401045381553848
3.349999999999996 0.4338229793811504
3.399999999999996 0.4357465948065142
3.4499999999999957 0.4418296954121391
3.4999999999999956 0.4466903851923738
3.5499999999999954 0.4457516088482435
3.599999999999995 0.4365953522482144
3.649999999999995 0.419509038423888
3.699999999999995 0.3974518840760392
3.7499999999999947 0.3754365791871228
3.7999999999999945 0.3590402631330502
3.8499999999999943 0.351991934671223
3.899999999999994 0.3540214768182972
3.949999999999994 0.3609135426318935
3.999999999999994 0.3668027857940528
4.049999999999994 0.3667025404800862
4.099999999999993 0.3579701925993698
4.149999999999993 0.3408056901550107
4.199999999999993 0.3181853389156429
4.249999999999993 0.2952906350209426
4.299999999999993 0.2780510795689498
4.3499999999999925 0.270503420774517
4.399999999999992 0.2722579210099636
4.449999999999992 0.2786758407812966
4.499999999999992 0.2836987293818153
4.549999999999992 0.2825322193142388
4.599999999999992 0.2728374128327656
4.6499999999999915 0.2549116113803634
4.699999999999991 0.231469242522528
4.749999999999991 0.2071805491209238
4.799999999999991 0.1876213487212528
4.849999999999991 0.1769858371259946
4.899999999999991 0.1752734441009709
4.94999999999999 0.1780895095289023
4.99999999999999 0.1796761531415264
5.04999999999999 0.1756670663326978
5.09999999999999 0.1639672018623102
5.14999999999999 0.1446144402998918
5.1999999999999895 0.1194186772698917
5.249999999999989 0.091696633603679
5.299999999999989 0.0663152225713964
5.349999999999989 0.0497594516434474
5.399999999999989 0.045924779538446
5.449999999999989 0.0482955494320654
5.4999999999999885 0.0475886100438237
5.549999999999988 0.0393402714865366
5.599999999999988 0.0227057901724675
5.649999999999988 0.0040390996859633
5.699999999999988 0.0311006846038786
5.749999999999988 0.0620579890800707
5.799999999999987 0.0916385777545151
5.849999999999987 0.1167125579239553
5.899999999999987 0.1350501619117823
5.949999999999987 0.145910093617567
5.999999999999987 0.1506849409857518
6.0499999999999865 0.1533619607096157
6.099999999999986 0.1599414388762164
6.149999999999986 0.1756030394771694
6.199999999999986 0.2011170596694994
6.249999999999986 0.2326759836207398
6.299999999999986 0.2647301215410921
6.349999999999985 0.2923559931536812
6.399999999999985 0.3123774660680204
6.449999999999985 0.3238972881411225
6.499999999999985 0.3285626828665998
6.549999999999985 0.3304335077931662
6.5999999999999845 0.3350153426354474
6.649999999999984 0.3471392255732537
6.699999999999984 0.3684970410133096
6.749999999999984 0.3967730707330144
6.799999999999984 0.427074014367684
6.849999999999984 0.4542017358252464
6.8999999999999835 0.4743573389960871
6.949999999999983 0.486030999679568
6.999999999999983 0.4902952441322125
7.049999999999983 0.4905806542811181
7.099999999999983 0.4917946974781275
7.149999999999983 0.4986743736102265
7.199999999999982 0.5137991750019312
7.249999999999982 0.5363934767799238
7.299999999999982 0.5627811594066499
7.349999999999982 0.5880662615636644
7.399999999999982 0.6079278072798124
7.4499999999999815 0.6198658811707899
7.499999999999981 0.6238160070480117
7.549999999999981 0.6221961382343839
7.599999999999981 0.6193380021062894
7.649999999999981 0.6201932602769228
7.699999999999981 0.6284742310545884
7.7499999999999805 0.6450002651764742
7.79999999999998 0.667288105974128
7.84999999999998 0.6906658157555555
7.89999999999998 0.7101413845911734
7.94999999999998 0.7220873585267598
7.99999999999998 0.7253052542626317
8.04999999999998 0.7214041524933911
8.09999999999998 0.7144559813547461
8.14999999999998 0.7098192852413715
8.199999999999982 0.7121945103363428
8.249999999999982 0.7235688188559398
8.299999999999983 0.7422339630432939
8.349999999999984 0.7635713235726364
8.399999999999984 0.7820426385708988
8.449999999999985 0.7932401019250397
8.499999999999986 0.7952731358133883
8.549999999999986 0.7893158906661394
8.599999999999987 0.7793074774092406
8.649999999999988 0.7707612729765717
8.699999999999989 0.7687761881332064
8.74999999999999 0.775878376577001
8.79999999999999 0.7908586979364408
8.84999999999999 0.809388318262921
8.899999999999991 0.8259590334881742
8.949999999999992 0.8359825473498165
8.999999999999993 0.837234193457143
9.049999999999994 0.8304306788562962
9.099999999999994 0.818981113917504
9.149999999999995 0.8079433782158727
9.199999999999996 0.8022882866494998
9.249999999999996 0.804943919973087
9.299999999999997 0.8155423429882832
9.349999999999998 0.83063345253228
9.399999999999999 0.8452039036158968
9.45 0.8545893201697667
9.5 0.8559736089362989
9.55 0.8491697593052366
9.600000000000001 0.8366660510331771
9.650000000000002 0.8229414276731915
9.700000000000003 0.8130557609031616
9.750000000000004 0.8107676987107224
9.800000000000004 0.8169212092192994
9.850000000000005 0.829031159871785
9.900000000000006 0.8423556242883778
9.950000000000006 0.8517934535397044
10.000000000000007 0.8536756884572155
