-1.7677669529663687 0.0 0.0
-1.7536248173426379 0.0 0.0
-1.7394826817189069 0.0 0.0
-1.7253405460951758 0.0 0.0
-1.7111984104714448 0.0 0.0
-1.697056274847714 -0.0 0.0
-1.682914139223983 -0.0 0.0
-1.6687720036002522 0.0 -0.0
-1.654629867976521 0.0 -0.0
-1.6404877323527902 0.0 -0.0
-1.6263455967290592 0.0 -0.0
-1.6122034611053284 0.0 -0.0
-1.5980613254815974 -0.0 -0.0
-1.5839191898578664 -0.0 -0.0
-1.5697770542341354 -0.0 -0.0
-1.5556349186104046 -0.0 -0.0
-1.5414927829866736 -0.0 -0.0
-1.5273506473629428 -0.0 -0.0
-1.5132085117392116 -0.0 -0.0
-1.4990663761154805 -0.0 -0.0
-1.4849242404917498 -0.0 -0.0
-1.4707821048680187 -0.0 -0.0
-1.456639969244288 -0.0 -0.0
-1.4424978336205567 -0.0 -0.0
-1.428355697996826 -0.0 -0.0
-1.414213562373095 -0.0 -0.0
-1.4000714267493641 -0.0 -0.0
-1.3859292911256331 -0.0 -0.0
-1.3717871555019021 -0.0 -0.0
-1.357645019878171 0.0 -0.0
-1.3435028842544403 0.0 -0.0
-1.3293607486307093 0.0 -0.0
-1.3152186130069785 0.0 -0.0
-1.3010764773832473 0.0 -0.0
-1.2869343417595165 0.0 -0.0
-1.2727922061357855 0.0 -0.0
-1.2586500705120547 0.0 -0.0
-1.2445079348883237 0.0 -0.0
-1.2303657992645924 0.0 -0.0
-1.2162236636408617 0.0 -0.0
-1.2020815280171306 0.0 -0.0
-1.1879393923933999 0.0 -0.0
-1.1737972567696688 0.0 -0.0
-1.1596551211459378 0.0 -0.0
-1.1455129855222068 0.0 -0.0
-1.131370849898476 0.0 -0.0
-1.117228714274745 0.0 -0.0
-1.103086578651014 0.0 -0.0
-1.0889444430272832 0.0 -0.0
-1.0748023074035522 0.0 0.0
-1.0606601717798212 0.0 0.0
-1.0465180361560904 0.0 0.0
-1.0323759005323594 0.0 0.0
-1.0182337649086284 0.0 0.0
-1.0040916292848974 0.0 0.0
-0.9899494936611665 0.0 0.0
-0.9758073580374356 0.0 0.0
-0.9616652224137046 0.0 0.0
-0.9475230867899737 0.0 0.0
-0.9333809511662426 -0.0 0.0
-0.9192388155425117 -0.0 0.0
-0.9050966799187808 -0.0 0.0
-0.8909545442950498 -0.0 0.0
-0.8768124086713189 -0.0 0.0
-0.8626702730475879 -0.0 0.0
-0.848528137423857 -0.0 0.0
-0.8343860018001261 -1.0e-8 0.0
-0.8202438661763951 -1.0e-8 0.0
-0.8061017305526642 -1.0e-8 0.0
-0.7919595949289332 -1.0e-8 1.0e-8
-0.7778174593052023 3.0e-8 3.0e-8
-0.7636753236814714 1.4e-7 7.0e-8
-0.7495331880577403 4.2e-7 1.6e-7
-0.7353910524340094 1.06e-6 3.8e-7
-0.7212489168102784 2.38e-6 8.4e-7
-0.7071067811865475 4.9e-6 1.8e-6
-0.6929646455628166 9.33e-6 3.72e-6
-0.6788225099390855 1.659e-5 7.37e-6
-0.6646803743153546 2.756e-5 1.404e-5
-0.6505382386916236 4.264e-5 2.567e-5
-0.6363961030678927 6.097e-5 4.495e-5
-0.6222539674441618 7.916e-5 7.532e-5
-0.6081118318204308 8.985e-5 0.00012046
-0.5939696961966999 8.017e-5 0.00018345
-0.5798275605729689 3.104e-5 0.00026509
-0.565685424949238 -8.208e-5 0.00036175
-0.551543289325507 -0.00028582 0.0004631
-0.5374011537017761 -0.00060236 0.00055063
-0.5232590180780452 -0.00103998 0.00059824
-0.5091168824543142 -0.00158233 0.00057614
-0.49497474683058323 -0.00217939 0.00045843
-0.4808326112068523 -0.00274431 0.00023317
-0.4666904755831213 -0.00315941 -8.893e-5
-0.4525483399593904 -0.00329276 -0.00047254
-0.43840620433565947 -0.00302228 -0.00086851
-0.4242640687119285 -0.00225991 -0.00124001
-0.41012193308819755 -0.00096527 -0.00160009
-0.3959797974644666 0.0008607 -0.00204777
-0.3818376618407357 0.00320532 -0.00278298
-0.3676955262170047 0.00608996 -0.00408014
-0.35355339059327373 0.00961445 -0.00621069
-0.3394112549695428 0.01397754 -0.00932526
-0.3252691193458118 0.01945577 -0.01333041
-0.3111269837220809 0.0263391 -0.01781123
-0.29698484809834996 0.03484299 -0.02204858
-0.282842712474619 0.04503308 -0.0251529
-0.26870057685088805 0.05679994 -0.02629116
-0.2545584412271571 0.06990273 -0.02493794
-0.24041630560342614 0.08406767 -0.02105652
-0.2262741699796952 0.09909546 -0.01512797
-0.21213203435596426 0.11492001 -0.00799375
-0.1979898987322333 0.13157981 -0.00054527
-0.18384776310850234 0.1491074 0.00664768
-0.1697056274847714 0.16739113 0.01364989
-0.15556349186104046 0.18608759 0.0213086
-0.1414213562373095 0.20464517 0.03117481
-0.12727922061357855 0.22244254 0.04519498
-0.1131370849898476 0.23897936 0.06522462
-0.09899494936611665 0.25401801 0.09245821
-0.0848528137423857 0.26759164 0.12689894
-0.07071067811865475 0.27986206 0.16700547
-0.0565685424949238 0.29089617 0.20964233
-0.04242640687119285 0.30048277 0.25041151
-0.0282842712474619 0.30809939 0.28435336
-0.01414213562373095 0.31306216 0.30689073
0.0 0.31479192 0.31479192
0.01414213562373095 0.31306216 0.30689073
0.0282842712474619 0.30809939 0.28435336
0.04242640687119285 0.30048277 0.25041151
0.0565685424949238 0.29089617 0.20964233
0.07071067811865475 0.27986206 0.16700547
0.0848528137423857 0.26759164 0.12689894
0.09899494936611665 0.25401801 0.09245821
0.1131370849898476 0.23897936 0.06522462
0.12727922061357855 0.22244254 0.04519498
0.1414213562373095 0.20464517 0.03117481
0.15556349186104046 0.18608759 0.0213086
0.1697056274847714 0.16739113 0.01364989
0.18384776310850234 0.1491074 0.00664768
0.1979898987322333 0.13157981 -0.00054527
0.21213203435596426 0.11492001 -0.00799375
0.2262741699796952 0.09909546 -0.01512797
0.24041630560342614 0.08406767 -0.02105652
0.2545584412271571 0.06990273 -0.02493794
0.26870057685088805 0.05679994 -0.02629116
0.282842712474619 0.04503308 -0.0251529
0.29698484809834996 0.03484299 -0.02204858
0.3111269837220809 0.0263391 -0.01781123
0.3252691193458118 0.01945577 -0.01333041
0.3394112549695428 0.01397754 -0.00932526
0.35355339059327373 0.00961445 -0.00621069
0.3676955262170047 0.00608996 -0.00408014
0.3818376618407357 0.00320532 -0.00278298
0.3959797974644666 0.0008607 -0.00204777
0.41012193308819755 -0.00096527 -0.00160009
0.4242640687119285 -0.00225991 -0.00124001
0.43840620433565947 -0.00302228 -0.00086851
0.4525483399593904 -0.00329276 -0.00047254
0.4666904755831213 -0.00315941 -8.893e-5
0.4808326112068523 -0.00274431 0.00023317
0.49497474683058323 -0.00217939 0.00045843
0.5091168824543142 -0.00158233 0.00057614
0.5232590180780452 -0.00103998 0.00059824
0.5374011537017761 -0.00060236 0.00055063
0.551543289325507 -0.00028582 0.0004631
0.565685424949238 -8.208e-5 0.00036175
0.5798275605729689 3.104e-5 0.00026509
0.5939696961966999 8.017e-5 0.00018345
0.6081118318204308 8.985e-5 0.00012046
0.6222539674441618 7.916e-5 7.532e-5
0.6363961030678927 6.097e-5 4.495e-5
0.6505382386916236 4.264e-5 2.567e-5
0.6646803743153546 2.756e-5 1.404e-5
0.6788225099390855 1.659e-5 7.37e-6
0.6929646455628166 9.33e-6 3.72e-6
0.7071067811865475 4.9e-6 1.8e-6
0.7212489168102784 2.38e-6 8.4e-7
0.7353910524340094 1.06e-6 3.8e-7
0.7495331880577403 4.2e-7 1.6e-7
0.7636753236814714 1.4e-7 7.0e-8
0.7778174593052023 3.0e-8 3.0e-8
0.7919595949289332 -1.0e-8 1.0e-8
0.8061017305526642 -1.0e-8 0.0
0.8202438661763951 -1.0e-8 0.0
0.8343860018001261 -1.0e-8 0.0
0.848528137423857 -0.0 0.0
0.8626702730475879 -0.0 0.0
0.8768124086713189 -0.0 0.0
0.8909545442950498 -0.0 0.0
0.9050966799187808 -0.0 0.0
0.9192388155425117 -0.0 0.0
0.9333809511662426 -0.0 0.0
0.9475230867899737 0.0 0.0
0.9616652224137046 0.0 0.0
0.9758073580374356 0.0 0.0
0.9899494936611665 0.0 0.0
1.0040916292848974 0.0 0.0
1.0182337649086284 0.0 0.0
1.0323759005323594 0.0 0.0
1.0465180361560904 0.0 -0.0
1.0606601717798212 0.0 -0.0
1.0748023074035522 0.0 -0.0
1.0889444430272832 0.0 -0.0
1.103086578651014 0.0 -0.0
1.117228714274745 0.0 -0.0
1.131370849898476 0.0 -0.0
1.1455129855222068 0.0 -0.0
1.1596551211459378 0.0 -0.0
1.1737972567696688 0.0 -0.0
1.1879393923933999 0.0 -0.0
1.2020815280171306 0.0 -0.0
1.2162236636408617 0.0 -0.0
1.2303657992645924 0.0 -0.0
1.2445079348883237 0.0 -0.0
1.2586500705120547 0.0 -0.0
1.2727922061357855 0.0 -0.0
1.2869343417595165 0.0 -0.0
1.3010764773832473 0.0 -0.0
1.3152186130069785 0.0 -0.0
1.3293607486307093 0.0 -0.0
1.3435028842544403 0.0 -0.0
1.357645019878171 -0.0 -0.0
1.3717871555019021 -0.0 -0.0
1.3859292911256331 -0.0 -0.0
1.4000714267493641 -0.0 -0.0
1.414213562373095 -0.0 -0.0
1.428355697996826 -0.0 -0.0
1.4424978336205567 -0.0 -0.0
1.456639969244288 -0.0 -0.0
1.4707821048680187 -0.0 -0.0
1.4849242404917498 -0.0 -0.0
1.4990663761154805 -0.0 -0.0
1.5132085117392116 -0.0 -0.0
1.5273506473629428 -0.0 -0.0
1.5414927829866736 -0.0 -0.0
1.5556349186104046 -0.0 -0.0
1.5697770542341354 -0.0 -0.0
1.5839191898578664 -0.0 -0.0
1.5980613254815974 -0.0 -0.0
1.6122034611053284 0.0 0.0
1.6263455967290592 0.0 0.0
1.6404877323527902 0.0 0.0
1.654629867976521 0.0 0.0
1.6687720036002522 -0.0 0.0
1.682914139223983 -0.0 0.0
1.697056274847714 0.0 0.0
1.7111984104714448 0.0 0.0
1.7253405460951758 0.0 0.0
1.7394826817189069 0.0 0.0
1.7536248173426379 0.0 0.0
1.7677669529663687 0.0 0.0
