0.0 0 0.0
0.05 0 0.0
0.1 0 0.0
0.15000000000000002 0 0.0
0.2 0 0.0
0.25 0 0.0
0.3 0 0.0
0.35 0 0.0
0.39999999999999997 0 0.0
0.44999999999999996 0 0.0
0.49999999999999994 0 0.0
0.5499999999999999 0 0.0
0.6 0 0.0
0.65 0 0.0
0.7000000000000001 0 0.0
0.7500000000000001 2 2.199114857512855
0.8000000000000002 2 1.8849555921538759
0.8500000000000002 2 1.727875959474386
0.9000000000000002 2 0.0
0.9500000000000003 2 0.0
1.0000000000000002 4 2.356194490192345
1.0500000000000003 4 2.0420352248333655
1.1000000000000003 4 0.0
1.1500000000000004 4 2.0420352248333655
1.2000000000000004 4 1.8849555921538759
1.2500000000000004 6 2.356194490192345
1.3000000000000005 4 1.413716694115407
1.3500000000000005 2 0.0
1.4000000000000006 4 2.5132741228718345
1.4500000000000006 4 2.199114857512855
1.5000000000000007 4 1.8849555921538759
1.5500000000000007 4 1.727875959474386
1.6000000000000008 4 1.5707963267948966
1.6500000000000008 4 1.413716694115407
1.7000000000000008 4 1.2566370614359172
1.7500000000000009 6 2.199114857512855
1.800000000000001 6 2.5132741228718345
1.850000000000001 6 2.356194490192345
1.900000000000001 6 1.5707963267948966
1.950000000000001 6 1.727875959474386
2.000000000000001 4 1.413716694115407
2.0500000000000007 4 1.2566370614359172
