0.0 1.0
0.05 0.9901936975674274
0.1 0.9965980320008025
0.15000000000000002 0.9944974499552466
0.2 0.9898575587364162
0.25 0.9972920884283918
0.3 0.9861978073887324
0.35 0.9936597628854996
0.39999999999999997 0.987648004466955
0.44999999999999996 0.9852583693094384
0.49999999999999994 0.9895939393239486
0.5499999999999999 0.9784452186494333
0.6 0.9861785769851186
0.65 0.9770385584785228
0.7000000000000001 0.9771046248870272
0.7500000000000001 0.9780588528302409
0.8000000000000002 0.9680220435416816
0.8500000000000002 0.9753043277909966
0.9000000000000002 0.9641103807759592
0.9500000000000003 0.9665876284497532
1.0000000000000002 0.9642683461763234
1.0500000000000003 0.9563094584992522
1.1000000000000003 0.962550006731917
1.1500000000000004 0.9504712435408532
1.2000000000000004 0.9551255362965716
1.2500000000000004 0.9499059558486558
1.3000000000000005 0.9447505706460544
1.3500000000000005 0.949477544165335
1.4000000000000006 0.9376626261819406
1.4500000000000006 0.9441017994979743
1.5000000000000007 0.9365195564773896
1.5500000000000007 0.9346517085803974
1.6000000000000008 0.9374721023005094
1.6500000000000008 0.927010439971316
1.7000000000000008 0.934675555013209
1.7500000000000009 0.9254026863759706
1.800000000000001 0.9270448698562164
1.850000000000001 0.9276413214914092
1.900000000000001 0.9195427963940052
1.950000000000001 0.9276937924543542
2.000000000000001 0.9175602971843339
2.0500000000000007 0.9226149609215476
2.1000000000000005 0.9208120669914546
2.1500000000000004 0.9159424845244544
2.2 0.9236943415057216
2.25 0.9137002749553134
2.3 0.9216868891718318
2.3499999999999996 0.917564416104119
2.3999999999999995 0.9165152561421138
2.4499999999999993 0.9229619309680626
2.499999999999999 0.9142057102998518
2.549999999999999 0.9242645803710554
2.5999999999999988 0.9182392951479774
2.6499999999999986 0.9211812238802642
2.6999999999999984 0.9255798172908484
2.7499999999999982 0.919084535713746
2.799999999999998 0.930096005787149
2.849999999999998 0.9228881356951903
2.8999999999999977 0.9295026166563924
2.9499999999999975 0.9314226995032588
2.9999999999999973 0.927931479273212
3.049999999999997 0.9387143031351584
3.099999999999997 0.9311898724278878
3.149999999999997 0.9407325114725754
3.1999999999999966 0.9400838550336046
3.2499999999999964 0.9399327938604028
3.2999999999999963 0.9494187690092126
3.349999999999996 0.94239489092306
3.399999999999996 0.9538472579437188
3.4499999999999957 0.9507918530796872
3.4999999999999956 0.9539088291122726
3.5499999999999954 0.9612204768526588
3.599999999999995 0.9553383469311536
3.649999999999995 0.9675559901802802
3.699999999999995 0.9623928472859284
3.7499999999999947 0.9683808658121182
3.7999999999999945 0.9728298102224318
3.8499999999999943 0.9685330767788312
3.899999999999994 0.9803375537228134
3.949999999999994 0.9734468224988972
3.999999999999994 0.9816792234418426
4.049999999999994 0.9827600024386368
4.099999999999993 0.9803419616373322
4.149999999999993 0.9905739669590586
4.199999999999993 0.9824434546018844
4.249999999999993 0.992127912384794
4.299999999999993 0.9895682561233364
4.3499999999999925 0.9892209234884146
4.399999999999992 0.9968060442539588
4.449999999999992 0.9880955643132254
4.499999999999992 0.9983089179352131
4.549999999999992 0.9921793436614982
4.599999999999992 0.9939897038697226
4.6499999999999915 0.998055763103248
4.699999999999991 0.9896172604790872
4.749999999999991 0.9993467327645938
4.799999999999991 0.9901674880912588
4.849999999999991 0.994051815142797
4.899999999999991 0.994090589043353
4.94999999999999 0.9868773009992292
4.99999999999999 0.9951124400790156
5.04999999999999 0.9838630245604334
5.09999999999999 0.9894928518314206
5.14999999999999 0.9855006083701414
5.1999999999999895 0.980374962274163
5.249999999999989 0.9862597884494578
5.299999999999989 0.9742345104722778
5.349999999999989 0.9810360651131707
5.399999999999989 0.9735418645023594
5.449999999999989 0.971080939552854
5.4999999999999885 0.9740685347947508
5.549999999999988 0.962623949485231
5.599999999999988 0.9698798281979554
5.649999999999988 0.9598236291801662
5.699999999999988 0.9602316431586622
5.749999999999988 0.960154036876828
5.799999999999987 0.950473176542474
5.849999999999987 0.9574647301666785
5.899999999999987 0.9459882889147588
5.949999999999987 0.9491369632670834
5.999999999999987 0.9461597743238466
6.0499999999999865 0.9391308056150665
6.099999999999986 0.945233404521166
6.149999999999986 0.933495531377134
6.199999999999986 0.9390207449360932
6.249999999999986 0.9335370187103827
6.299999999999986 0.92974494267447
6.349999999999985 0.9344464670372052
6.399999999999985 0.923528379535587
6.449999999999985 0.9309017400857562
6.499999999999985 0.9234460796575598
6.549999999999985 0.9232067510203754
6.5999999999999845 0.9260878824027062
6.649999999999984 0.91697410590866
6.699999999999984 0.9255226471869152
6.749999999999984 0.916747521258353
6.799999999999984 0.9201151811519918
6.849999999999984 0.9208510943879435
6.8999999999999835 0.9144235052620489
6.949999999999983 0.9233278199160074
6.999999999999983 0.9140253529568058
7.049999999999983 0.9207510546899186
7.099999999999983 0.9191693906282185
7.149999999999983 0.9161524581239548
7.199999999999982 0.9244801720794728
7.249999999999982 0.915589370135028
7.299999999999982 0.9250639548104403
7.349999999999982 0.9212429447171402
7.399999999999982 0.9220798426880592
7.4499999999999815 0.9288959177865636
7.499999999999981 0.921428158025925
7.549999999999981 0.9326812045720893
7.599999999999981 0.9270185482388243
7.649999999999981 0.931725691816445
7.699999999999981 0.9362613431312572
7.7499999999999805 0.9311258552159126
7.79999999999998 0.9429352010157762
7.84999999999998 0.9361086459131778
7.89999999999998 0.9442040065153856
7.94999999999998 0.9459992386724622
7.99999999999998 0.9437974456678174
8.04999999999998 0.9548854029265048
8.09999999999998 0.9476947975293242
8.14999999999998 0.9582642586091826
8.199999999999982 0.9572000960108086
8.249999999999982 0.9581033612767024
8.299999999999983 0.9673252295549852
8.349999999999984 0.9605039843101978
8.399999999999984 0.9723749669481702
8.449999999999985 0.9685989254779322
8.499999999999986 0.9723702532192682
8.549999999999986 0.9788195397032766
8.599999999999987 0.9729274145810418
8.649999999999988 0.9848574005872052
8.699999999999989 0.9786894334503178
8.74999999999999 0.9848096243623902
8.79999999999999 0.9878477929849522
8.84999999999999 0.983282991228217
8.899999999999991 0.9940952046593206
8.949999999999992 0.985994725531596
8.999999999999993 0.9938028365319934
9.049999999999994 0.9930731303018724
9.099999999999994 0.9901501029571412
9.149999999999995 0.9988100800163356
9.199999999999996 0.9894102917189532
9.249999999999996 0.9981889628945312
9.299999999999997 0.9936572647145238
9.349999999999998 0.9926603068083236
9.399999999999999 0.9983259274585166
9.45 0.9884754916405194
9.5 0.9974671378934152
9.55 0.9894855199565326
9.600000000000001 0.990636061766137
9.650000000000002 0.992719875567385
9.700000000000003 0.9834549750401032
9.750000000000004 0.9918511568459736
9.800000000000004 0.9811990713400256
9.850000000000005 0.9845426069145414
9.900000000000006 0.9828033373744378
9.950000000000006 0.9752078108316676
10.000000000000007 0.982181879909101
