0.0 1.0
0.05 0.9936140198216116
0.1 0.981075108332422
0.15000000000000002 0.9752684018436306
0.2 0.9817812015992906
0.25 0.9930410953150072
0.3 0.9963127468622331
0.35 0.9871028863914798
0.39999999999999997 0.9738586191356696
0.44999999999999996 0.969055125344485
0.49999999999999994 0.9760953503413377
0.5499999999999999 0.9857947543907178
0.6 0.98608643883081
0.65 0.9746931899766922
0.7000000000000001 0.961468875451491
0.7500000000000001 0.9580227747055914
0.8000000000000002 0.9655711639924068
0.8500000000000002 0.9737391751809082
0.9000000000000002 0.971494316881899
0.9500000000000003 0.9587017347690634
1.0000000000000002 0.9462187352514466
1.0500000000000003 0.94449818984733
1.1000000000000003 0.9526741426285992
1.1500000000000004 0.9595311495878668
1.2000000000000004 0.9552877610340677
1.2500000000000004 0.9418343787614994
1.3000000000000005 0.9307307018521296
1.3500000000000005 0.931094236248761
1.4000000000000006 0.9400710187174174
1.4500000000000006 0.9458534192389192
1.5000000000000007 0.9400713365726658
1.5500000000000007 0.926575067336668
1.6000000000000008 0.9174063958063178
1.6500000000000008 0.9201731005778588
1.7000000000000008 0.930062243382457
1.7500000000000009 0.934886199800864
1.800000000000001 0.9278906006463846
1.850000000000001 0.9148796405537412
1.900000000000001 0.9081433379377494
1.950000000000001 0.9135337961867034
2.000000000000001 0.9242813788566098
2.0500000000000007 0.928098120625485
2.1000000000000005 0.920129587993285
2.1500000000000004 0.9081072380505384
2.2 0.9042262093518132
2.25 0.9122765296359354
2.3 0.9236133218021138
2.3499999999999996 0.9262610223246298
2.3999999999999995 0.9175669229983638
2.4499999999999993 0.9070276065186038
2.499999999999999 0.9062702499697328
2.549999999999999 0.916759897143462
2.5999999999999988 0.9282352159985074
2.6499999999999986 0.929542731107951
2.6999999999999984 0.9204212864501222
2.7499999999999982 0.9117761833964906
2.799999999999998 0.9141543879019972
2.849999999999998 0.926604528354073
2.8999999999999977 0.937685699471919
2.9499999999999975 0.9375419204927958
2.9999999999999973 0.9282839516823334
3.049999999999997 0.921737496074009
3.099999999999997 0.9269629400440516
3.149999999999997 0.9407158810553362
3.1999999999999966 0.9508767375776482
3.2499999999999964 0.9492021049423338
3.2999999999999963 0.9399683706230686
3.349999999999996 0.9354436363553706
3.399999999999996 0.94298197441807
3.4499999999999957 0.9573030624982454
3.4999999999999956 0.9660370509955802
3.5499999999999954 0.9626902079466256
3.599999999999995 0.9534327640072618
3.649999999999995 0.9506120484916698
3.699999999999995 0.9598009239685156
3.7499999999999947 0.973944379807783
3.7999999999999945 0.980727400521869
3.8499999999999943 0.9754546405096322
3.899999999999994 0.9659662765389248
3.949999999999994 0.9644356932986886
3.999999999999994 0.974612624861155
4.049999999999994 0.9878581458692998
4.099999999999993 0.9921485759909626
4.149999999999993 0.9846580614866652
4.199999999999993 0.9747465442490711
4.249999999999993 0.9741807946783838
4.299999999999993 0.9847883274608444
4.3499999999999925 0.9964878290859214
4.399999999999992 0.997816430370242
4.449999999999992 0.987961195573754
4.499999999999992 0.9776586143156926
4.549999999999992 0.9779566622653902
4.599999999999992 0.9885964503066286
4.6499999999999915 0.9982386065149326
4.699999999999991 0.9963551801181544
4.749999999999991 0.9843172471966442
4.799999999999991 0.9739930945977519
4.849999999999991 0.975284839318686
4.899999999999991 0.985702546997789
4.94999999999999 0.9929733855819742
4.99999999999999 0.9879653026732306
5.04999999999999 0.9743160181736804
5.09999999999999 0.964611271294762
5.14999999999999 0.9671367110726
5.1999999999999895 0.9771716038788656
5.249999999999989 0.98199459280907
5.299999999999989 0.9743027941120724
5.349999999999989 0.9598898291774642
5.399999999999989 0.951517441731264
5.449999999999989 0.9554828697904966
5.4999999999999885 0.9650439383167893
5.549999999999988 0.9675802674870648
5.599999999999988 0.9578897745234636
5.649999999999988 0.943618650501767
5.699999999999988 0.9371739376932452
5.749999999999988 0.9426929767349322
5.799999999999987 0.9517685579229612
5.849999999999987 0.9523505637088074
5.899999999999987 0.9414059865863036
5.949999999999987 0.9280516828047256
5.999999999999987 0.9239437981442548
6.0499999999999865 0.931066311435205
6.099999999999986 0.9397139944396699
6.149999999999986 0.9387208677749352
6.199999999999986 0.9271668974502606
6.249999999999986 0.9153080167593908
6.299999999999986 0.9138028911650082
6.349999999999985 0.922552910583525
6.399999999999985 0.9308368126381432
6.449999999999985 0.9285722347757847
6.499999999999985 0.9168919654080538
6.549999999999985 0.906955088352138
6.5999999999999845 0.908241865130983
6.649999999999984 0.9186024118324992
6.699999999999984 0.9265029655966842
6.749999999999984 0.9231338507215254
6.799999999999984 0.9116833135009554
6.849999999999984 0.9040193106992186
6.8999999999999835 0.9082242709525068
6.949999999999983 0.9200669536285306
6.999999999999983 0.9274125351767726
7.049999999999983 0.922985786669759
7.099999999999983 0.912069016334192
7.149999999999983 0.9069833227362873
7.199999999999982 0.9141074540368638
7.249999999999982 0.9271069167199218
7.299999999999982 0.9335646216003072
7.349999999999982 0.9280754279588816
7.399999999999982 0.9179884248318751
7.4499999999999815 0.9156842138674258
7.499999999999981 0.92549486107492
7.549999999999981 0.9390852466896642
7.599999999999981 0.9442175600796694
7.649999999999981 0.9376715197923178
7.699999999999981 0.9286626343156096
7.7499999999999805 0.9291188886623676
7.79999999999998 0.9410723779128564
7.84999999999998 0.9544896707009882
7.89999999999998 0.9578417871669838
7.94999999999998 0.950254977848865
7.99999999999998 0.9424179671169136
8.04999999999998 0.9452980489493386
8.09999999999998 0.9585756129316312
8.14999999999998 0.9709794437579448
8.199999999999982 0.9721442699746886
8.249999999999982 0.96349056041327
8.299999999999983 0.9566949752549608
8.349999999999984 0.961395465946894
8.399999999999984 0.9750685987414898
8.449999999999985 0.9856883963324916
8.499999999999986 0.984337933462132
8.549999999999986 0.9745311372374666
8.599999999999987 0.968496222540306
8.649999999999988 0.9743486622193342
8.699999999999989 0.9875954911854304
8.74999999999999 0.995843669779576
8.79999999999999 0.9917628002481202
8.84999999999999 0.9807399786641782
8.899999999999991 0.9752342437683906
8.949999999999992 0.981741964005158
8.999999999999993 0.993998206070064
9.049999999999994 0.9995203849169974
9.099999999999994 0.9926606692305272
9.149999999999995 0.9805250044398566
9.199999999999996 0.9755566381977934
9.249999999999996 0.9825194456592286
9.299999999999997 0.9934952744351976
9.349999999999998 0.996156874373851
9.399999999999999 0.9866869091324252
9.45 0.9738121268939172
9.5 0.9696885323670326
9.55 0.9771569343313816
9.600000000000001 0.9867414363386994
9.650000000000002 0.9865831141311916
9.700000000000003 0.9749124957036248
9.750000000000004 0.9619473514781022
9.800000000000004 0.9591799563321948
9.850000000000005 0.9672938021345274
9.900000000000006 0.9754367372849682
9.950000000000006 0.9726473252163224
10.000000000000007 0.9594148737560544
