0.0 1.0
0.05 0.9731871693430192
0.1 0.9903078616977296
0.15000000000000002 0.979546946914246
0.2 0.968292781999915
0.25 0.9804136040452648
0.3 0.9479576915280264
0.35 0.9644004974655928
0.39999999999999997 0.9361897232250787
0.44999999999999996 0.9323933411910172
0.49999999999999994 0.9263644334513496
0.5499999999999999 0.8967196893662893
0.6 0.905950418072409
0.65 0.8688503083956236
0.7000000000000001 0.8698927397854492
0.7500000000000001 0.8485072825303394
0.8000000000000002 0.8259400243564899
0.8500000000000002 0.8251189907389473
0.9000000000000002 0.7868544973667675
0.9500000000000003 0.78955069617807
1.0000000000000002 0.7579637241080821
1.0500000000000003 0.7437696223100346
1.1000000000000003 0.7327783679582471
1.1500000000000004 0.6988415225029061
1.2000000000000004 0.7006167325720674
1.2500000000000004 0.6638866703947462
1.3000000000000005 0.6579519358244014
1.3500000000000005 0.6375027966630571
1.4000000000000006 0.611972704759605
1.4500000000000006 0.6100410285852137
1.5000000000000007 0.57325999358171
1.5500000000000007 0.5738724180298722
1.6000000000000008 0.5454355573839185
1.6500000000000008 0.5310653320538243
1.7000000000000008 0.5221545442847193
1.7500000000000009 0.4910785552174758
1.800000000000001 0.4939773964038049
1.850000000000001 0.4613100749970394
1.900000000000001 0.457837827705176
1.950000000000001 0.440142114567223
2.000000000000001 0.4197465584951272
2.0500000000000007 0.4190890497242154
2.1000000000000005 0.3885333083939075
2.1500000000000004 0.3914050221729912
2.2 0.3672466010175194
2.25 0.3584382750406025
2.3 0.3506493318651458
2.3499999999999996 0.327780087491784
2.3999999999999995 0.3307997077085294
2.4499999999999993 0.3055619863237249
2.499999999999999 0.3047957627207526
2.549999999999999 0.2907071939765114
2.5999999999999988 0.2771104207517444
2.6499999999999986 0.2764992626090038
2.6999999999999984 0.2546883191318365
2.7499999999999982 0.2574155149974308
2.799999999999998 0.2400542241123528
2.849999999999998 0.2342751287549136
2.8999999999999977 0.2291970580736206
2.9499999999999975 0.2128909674978784
2.9999999999999973 0.21589943010592
3.049999999999997 0.1980157826663058
3.099999999999997 0.1978621273219822
3.149999999999997 0.1887650587937898
3.1999999999999966 0.1785902275790328
3.2499999999999964 0.1798222270813338
3.2999999999999963 0.1635295845714377
3.349999999999996 0.1668492584991432
3.399999999999996 0.154591555115368
3.4499999999999957 0.1505841858735095
3.4999999999999956 0.1484656945748001
3.5499999999999954 0.135758407894243
3.599999999999995 0.1400945491910121
3.649999999999995 0.126224771650632
3.699999999999995 0.1276173500014356
3.7499999999999947 0.1212421177715005
3.7999999999999945 0.1139250677675272
3.8499999999999943 0.1164160557477298
3.899999999999994 0.1035538733733472
3.949999999999994 0.1080869905338847
3.999999999999994 0.0982046631687489
4.049999999999994 0.0967316879385848
4.099999999999993 0.0952694874908081
4.149999999999993 0.0861926619406785
4.199999999999993 0.0905664066438535
4.249999999999993 0.0797605286209875
4.299999999999993 0.0823785176927485
4.3499999999999925 0.0770673033905351
4.399999999999992 0.0728556723178058
4.449999999999992 0.0746889852825248
4.499999999999992 0.0656404231567256
4.549999999999992 0.0696049650295239
4.599999999999992 0.0622648200530158
4.6499999999999915 0.0620012332697984
4.699999999999991 0.060845022659891
4.749999999999991 0.0547968362573561
4.799999999999991 0.0581389060459414
4.849999999999991 0.050602202080252
4.899999999999991 0.0527373164398392
4.94999999999999 0.0492186959794477
4.99999999999999 0.0462459536344702
5.04999999999999 0.0480330148671594
5.09999999999999 0.0414791923467246
5.14999999999999 0.0447064215282075
5.1999999999999895 0.0396275721344578
5.249999999999989 0.0394005783624468
5.299999999999989 0.0392011239906087
5.349999999999989 0.0344299451078836
5.399999999999989 0.0376389279170499
5.449999999999989 0.0318584859969479
5.4999999999999885 0.0338462043814795
5.549999999999988 0.0314998965989887
5.599999999999988 0.0291497878200274
5.649999999999988 0.0312207010958522
5.699999999999988 0.0258577812003827
5.749999999999988 0.0291006234040532
5.799999999999987 0.0249664746482807
5.849999999999987 0.0252522573218376
5.899999999999987 0.0252694364811629
5.949999999999987 0.0215781916195256
5.999999999999987 0.0246287991671923
6.0499999999999865 0.0198302596229273
6.099999999999986 0.0220553276494811
6.149999999999986 0.0199287293486336
6.199999999999986 0.0185623812276379
6.249999999999986 0.0201288146645643
6.299999999999986 0.016048614815465
6.349999999999985 0.0187730548934687
6.399999999999985 0.0153852532797805
6.449999999999985 0.0158632450958242
6.499999999999985 0.0156003619304497
6.549999999999985 0.0129253533862687
6.5999999999999845 0.0149261139716364
6.649999999999984 0.0113612598259732
6.699999999999984 0.0126041775881592
6.749999999999984 0.0110095857571226
6.799999999999984 0.009574720162113
6.849999999999984 0.0104179416675745
6.8999999999999835 0.007351792786731
6.949999999999983 0.0084981094923986
6.999999999999983 0.0063608850247976
7.049999999999983 0.0057039759604806
7.099999999999983 0.0056213995091731
7.149999999999983 0.003413858855338
7.199999999999982 0.0040955272285848
7.249999999999982 0.0023136223559483
7.299999999999982 0.002031060964045
7.349999999999982 0.0017831292118708
7.399999999999982 0.0006405028495138
7.4499999999999815 0.0010204540792201
7.499999999999981 0.0005791308751442
7.549999999999981 0.0003852197622788
7.599999999999981 0.0012739335453878
7.649999999999981 0.0011108221480091
7.699999999999981 0.0020646014508186
7.7499999999999805 0.0037038792210636
7.79999999999998 0.0036263441553952
7.84999999999998 0.0072542451234528
7.89999999999998 0.0075648264812919
7.94999999999998 0.0108446580154064
7.99999999999998 0.014429387921425
8.04999999999998 0.0153691015183597
8.09999999999998 0.0227557097416902
8.14999999999998 0.0231340247849357
8.199999999999982 0.0308030868559544
8.249999999999982 0.0352385819754362
8.299999999999983 0.0391797924202001
8.349999999999984 0.0498611369614996
8.399999999999984 0.0509113299741798
8.449999999999985 0.0640219432421041
8.499999999999986 0.0682389581834172
8.549999999999986 0.0772664175909893
8.599999999999987 0.0896337532522272
8.649999999999988 0.0928794349522539
8.699999999999989 0.1109124903557855
8.74999999999999 0.1145894659640202
8.79999999999999 0.1298297431051968
8.84999999999999 0.1420514704126753
8.899999999999991 0.1490720622475037
8.949999999999992 0.1704499653212209
8.999999999999993 0.1737460717810748
9.049999999999994 0.1953514892871888
9.099999999999994 0.2055480337841049
9.149999999999995 0.2177844869267995
9.199999999999996 0.2400665464547174
9.249999999999996 0.2435933244954395
9.299999999999997 0.2707976287032813
9.349999999999998 0.2770947697218168
9.399999999999999 0.296053026971615
9.45 0.3156741926679349
9.5 0.3211825974316833
9.55 0.351595240476802
9.600000000000001 0.3530897966038518
9.650000000000002 0.3797406380404378
9.700000000000003 0.39242761600958
9.750000000000004 0.4032206972770052
9.800000000000004 0.4319367296200363
9.850000000000005 0.4304643106371994
9.900000000000006 0.463286134603879
9.950000000000006 0.4662867468275252
10.000000000000007 0.4856299836132943
