0.0 1.0
0.05 0.9823718035042246
0.1 0.9487257900623474
0.15000000000000002 0.934886148141115
0.2 0.9526596811101457
0.25 0.9768136496988195
0.3 0.974030405437876
0.35 0.940430867131769
0.39999999999999997 0.9053056225266782
0.44999999999999996 0.8977484601857644
0.49999999999999994 0.9144658657394598
0.5499999999999999 0.9244540933555064
0.6 0.904104123785375
0.65 0.8629763103336732
0.7000000000000001 0.8323056368294084
0.7500000000000001 0.8302082828877725
0.8000000000000002 0.8424126194932227
0.8500000000000002 0.8389186901035546
0.9000000000000002 0.8072195623268826
0.9500000000000003 0.7654782250934045
1.0000000000000002 0.7419944782657933
1.0500000000000003 0.7441972947757413
1.1000000000000003 0.7510817765645368
1.1500000000000004 0.7367717303081188
1.2000000000000004 0.6989531475684349
1.2500000000000004 0.661089645949924
1.3000000000000005 0.6463513126388827
1.3500000000000005 0.6521454988367614
1.4000000000000006 0.6532658461174352
1.4500000000000006 0.6300275516494003
1.5000000000000007 0.5901290707518233
1.5500000000000007 0.5599377356112026
1.6000000000000008 0.5549461778273895
1.6500000000000008 0.562497062311026
1.7000000000000008 0.5561967021803557
1.7500000000000009 0.5257507964096099
1.800000000000001 0.4884593741571039
1.850000000000001 0.4693968293841739
1.900000000000001 0.4729552885629522
1.950000000000001 0.4781921972265021
2.000000000000001 0.463016985119575
2.0500000000000007 0.4292439997049392
2.1000000000000005 0.3999608481490436
2.1500000000000004 0.3928310034806863
2.2 0.4003220266530141
2.25 0.3990773114363552
2.3 0.3767902034803689
2.3499999999999996 0.3455505746071648
2.3999999999999995 0.3272354815995486
2.4499999999999993 0.3286480003794688
2.499999999999999 0.3346969180386344
2.549999999999999 0.326243903988162
2.5999999999999988 0.3014611734255026
2.6499999999999986 0.2769155595154938
2.6999999999999984 0.2683726055917832
2.7499999999999982 0.2735588941435852
2.799999999999998 0.2756032888903087
2.849999999999998 0.2622082703192206
2.8999999999999977 0.2388185773821908
2.9499999999999975 0.2218238395498886
2.9999999999999973 0.2202060898037925
3.049999999999997 0.2260840906257376
3.099999999999997 0.2239861537416671
3.149999999999997 0.2079987357035146
3.1999999999999966 0.1878740106471281
3.2499999999999964 0.1778519455869738
3.2999999999999963 0.1809243895324161
3.349999999999996 0.1858520511747872
3.399999999999996 0.1798797065708812
3.4499999999999957 0.1628376957947892
3.4999999999999956 0.1470635224619254
3.5499999999999954 0.1434694101914741
3.599999999999995 0.1494215346317042
3.649999999999995 0.1519028986887335
3.699999999999995 0.1422384874365092
3.7499999999999947 0.1257426484788464
3.7999999999999945 0.1155031427378865
3.8499999999999943 0.1175031566436834
3.899999999999994 0.1240064027314511
3.949999999999994 0.1225704890228799
3.999999999999994 0.1102048464738092
4.049999999999994 0.0965052441678278
4.099999999999993 0.0924519668989066
4.149999999999993 0.097958116770725
4.199999999999993 0.1023357614340301
4.249999999999993 0.0967274841609211
4.299999999999993 0.0839935165633402
4.3499999999999925 0.0749896224515033
4.399999999999992 0.0760328434184131
4.449999999999992 0.0820589165419826
4.499999999999992 0.0828406284227671
4.549999999999992 0.0746174732521234
4.599999999999992 0.0638993125014429
4.6499999999999915 0.0596947838799339
4.699999999999991 0.0634427969206878
4.749999999999991 0.0678589671137685
4.799999999999991 0.065409122550258
4.849999999999991 0.0565583721877035
4.899999999999991 0.0488169174401726
4.94999999999999 0.0481619883604579
4.99999999999999 0.0525904322486622
5.04999999999999 0.054692028141084
5.09999999999999 0.0499905535031968
5.14999999999999 0.0417067727442232
5.1999999999999895 0.0369077733228462
5.249999999999989 0.0385907854092592
5.299999999999989 0.0425242873325099
5.349999999999989 0.0421724401659788
5.399999999999989 0.0360342458186031
5.449999999999989 0.02918439799045
5.4999999999999885 0.0274126738565516
5.549999999999988 0.0306764986908167
5.599999999999988 0.0332850443281295
5.649999999999988 0.0305341937315637
5.699999999999988 0.0241301441589306
5.749999999999988 0.0201369273200681
5.799999999999987 0.0218498943346944
5.849999999999987 0.0259525259633754
5.899999999999987 0.0265170036883419
5.949999999999987 0.0221416408356027
5.999999999999987 0.0176920220146852
6.0499999999999865 0.0184620243107481
6.099999999999986 0.0237173678984466
6.149999999999986 0.0275043694433379
6.199999999999986 0.0259176745637214
6.249999999999986 0.0220546783032734
6.299999999999986 0.022454642067931
6.349999999999985 0.0291206340077967
6.399999999999985 0.0368256489009116
6.449999999999985 0.0392520890504897
6.499999999999985 0.0367792640697687
6.549999999999985 0.0364270377552393
6.5999999999999845 0.0436634840808958
6.649999999999984 0.0556578487432615
6.699999999999984 0.064201936547295
6.749999999999984 0.0652536593844938
6.799999999999984 0.0640375573737832
6.849999999999984 0.0694393018389684
6.8999999999999835 0.0837594853370957
6.949999999999983 0.0995833210605795
6.999999999999983 0.1077892578808238
7.049999999999983 0.1080297599460047
7.099999999999983 0.1097280723815817
7.149999999999983 0.1218729531699606
7.199999999999982 0.1426205863372853
7.249999999999982 0.1606084627958132
7.299999999999982 0.1672828450842927
7.349999999999982 0.1669158626732755
7.399999999999982 0.1726696640636394
7.4499999999999815 0.1921514181207963
7.499999999999981 0.2182098411370737
7.549999999999981 0.235969677045477
7.599999999999981 0.2393256399058753
7.649999999999981 0.2386480681432684
7.699999999999981 0.250072735700551
7.7499999999999805 0.2772657243582311
7.79999999999998 0.306206747735357
7.84999999999998 0.3200965326829785
7.89999999999998 0.3186109254664884
7.94999999999998 0.3193862202855969
7.99999999999998 0.3386972131965348
8.04999999999998 0.3724371944455398
8.09999999999998 0.3996504036551591
8.14999999999998 0.4059012115867232
8.199999999999982 0.400326477608782
8.249999999999982 0.406118806123449
8.299999999999983 0.434250271610351
8.349999999999984 0.4703094206064936
8.399999999999984 0.4902477786907931
8.449999999999985 0.487727798968045
8.499999999999986 0.4817840698876265
8.549999999999986 0.4955413456585964
8.599999999999987 0.5299158834581569
8.649999999999988 0.5622868709398315
8.699999999999989 0.5718461796950067
8.74999999999999 0.5630291162337755
8.79999999999999 0.5606122263076895
8.84999999999999 0.5820222885488653
8.899999999999991 0.6178700137624282
8.949999999999992 0.6423400860402994
8.999999999999993 0.6417928381551417
9.049999999999994 0.6298885462449777
9.099999999999994 0.632570141767045
9.149999999999995 0.6594372124714423
9.199999999999996 0.6929849800125109
9.249999999999996 0.7076678476617497
9.299999999999997 0.698068872119252
9.349999999999998 0.6852117440591875
9.399999999999999 0.6936747825715168
9.45 0.724290514880612
9.5 0.7526711320770024
9.55 0.7558702689401436
9.600000000000001 0.7381566156812345
9.650000000000002 0.726949799047357
9.700000000000003 0.7425419293738118
9.750000000000004 0.7749429260498186
9.800000000000004 0.7943328740400104
9.850000000000005 0.7843827111636745
9.900000000000006 0.7612263270747939
9.950000000000006 0.7559207552606443
10.000000000000007 0.7793265145976712
