0.0 1.0
0.05 0.9948516336058352
0.1 0.9847398793071608
0.15000000000000002 0.9792124532891222
0.2 0.9805211747334552
0.25 0.9810160268763966
0.3 0.9725183851088642
0.35 0.9562109765644088
0.39999999999999997 0.9411003159694302
0.44999999999999996 0.933104068996548
0.49999999999999994 0.92810539371081
0.5499999999999999 0.9172574475146233
0.6 0.8978479766505556
0.65 0.876480915253792
0.7000000000000001 0.8609423937932843
0.7500000000000001 0.8508788301676133
0.8000000000000002 0.8385741595150333
0.8500000000000002 0.8185969324330797
0.9000000000000002 0.7944009359639806
0.9500000000000003 0.7739819626087245
1.0000000000000002 0.7601524664905235
1.0500000000000003 0.7473549809352136
1.1000000000000003 0.728698741688397
1.1500000000000004 0.7044323673158771
1.2000000000000004 0.6815537106790396
1.2500000000000004 0.6652412780598264
1.3000000000000005 0.6526692655792843
1.3500000000000005 0.636637623904634
1.4000000000000006 0.6144185014369842
1.4500000000000006 0.591025007121381
1.5000000000000007 0.5730713897436791
1.5500000000000007 0.5608104779765032
1.6000000000000008 0.547964309959108
1.6500000000000008 0.5293954918648973
1.7000000000000008 0.5072625881340356
1.7500000000000009 0.4883266470493592
1.800000000000001 0.4758200925543083
1.850000000000001 0.4656942222153534
1.900000000000001 0.4516016009722842
1.950000000000001 0.43247204783263
2.000000000000001 0.4136339479416158
2.0500000000000007 0.4003453190491788
2.1000000000000005 0.391613591320619
2.1500000000000004 0.3815841558198662
2.2 0.366594380994993
2.25 0.3493780836160936
2.3 0.3355850179760147
2.3499999999999996 0.3270223826081346
2.3999999999999995 0.3197064887190806
2.4499999999999993 0.3088077624730774
2.499999999999999 0.2943608387216564
2.549999999999999 0.280978184484527
2.5999999999999988 0.2721801897179663
2.6499999999999986 0.2662839407195982
2.6999999999999984 0.2586387821560298
2.7499999999999982 0.2472717274316782
2.799999999999998 0.2350960623215816
2.849999999999998 0.226213794035428
2.8999999999999977 0.2209646707014494
2.9499999999999975 0.2156695777329374
2.9999999999999973 0.2071825065591103
3.049999999999997 0.19662831796309
3.099999999999997 0.1878907930375932
3.149999999999997 0.1828492758495842
3.1999999999999966 0.1791771060190844
3.2499999999999964 0.1732533645139526
3.2999999999999963 0.1645396856486304
3.349999999999996 0.1561361441449537
3.399999999999996 0.1509607644931994
3.4499999999999957 0.1482465720806547
3.4999999999999956 0.1445372454279413
3.5499999999999954 0.1378737678996822
3.599999999999995 0.1300924824357468
3.649999999999995 0.124543426217603
3.699999999999995 0.122063054746478
3.7499999999999947 0.1200338701637558
3.7999999999999945 0.115564240556946
3.8499999999999943 0.108907016259928
3.899999999999994 0.1030663727437664
3.949999999999994 0.1001719855032066
3.999999999999994 0.0989983169352386
4.049999999999994 0.0965122414247133
4.099999999999993 0.0914879511088075
4.149999999999993 0.0858657365010383
4.199999999999993 0.0823460631419936
4.249999999999993 0.0811934197448749
4.299999999999993 0.08003252803318
4.3499999999999925 0.0767465547119478
4.399999999999992 0.0719381554163814
4.449999999999992 0.0680838515292799
4.499999999999992 0.0665291321295812
4.549999999999992 0.0659601685762655
4.599999999999992 0.0640816268994696
4.6499999999999915 0.0603699496607781
4.699999999999991 0.0566001803402308
4.749999999999991 0.0546275784736881
4.799999999999991 0.0541782065066102
4.849999999999991 0.0532691964672072
4.899999999999991 0.0506436404802323
4.94999999999999 0.0472368014313985
4.99999999999999 0.044966483953
5.04999999999999 0.0443967064996417
5.09999999999999 0.0441077148287511
5.14999999999999 0.0424633901192133
5.1999999999999895 0.0395788777669789
5.249999999999989 0.0371272318943654
5.299999999999989 0.0362846971695991
5.349999999999989 0.0363300301765582
5.399999999999989 0.0355549376191172
5.449999999999989 0.03333232722295
5.4999999999999885 0.0308392729933765
5.549999999999988 0.0296070631018029
5.599999999999988 0.0296843349206499
5.649999999999988 0.0296112827559422
5.699999999999988 0.0281881686403139
5.749999999999988 0.0258900209344376
5.799999999999987 0.0242597394966034
5.849999999999987 0.0240552343362575
5.899999999999987 0.024377239735008
5.949999999999987 0.0237768885109361
5.999999999999987 0.021973896598811
6.0499999999999865 0.0201425027068687
6.099999999999986 0.019480064806219
6.149999999999986 0.019803710103577
6.199999999999986 0.0198210562360302
6.249999999999986 0.0186891072443379
6.299999999999986 0.0169781850002369
6.349999999999985 0.0159361476347908
6.399999999999985 0.0159928482921325
6.449999999999985 0.016295925257984
6.499999999999985 0.015775236177441
6.549999999999985 0.0144113100411359
6.5999999999999845 0.0132037630434995
6.649999999999984 0.0129384826114609
6.699999999999984 0.0132668937829475
6.749999999999984 0.0131728293776021
6.799999999999984 0.0122101714952105
6.849999999999984 0.0110064199657357
6.8999999999999835 0.0104645345002745
6.949999999999983 0.0106697486403321
6.999999999999983 0.0108193611044989
7.049999999999983 0.0102187236787343
7.099999999999983 0.0091087559842098
7.149999999999983 0.0083393753054681
7.199999999999982 0.008325060475161
7.249999999999982 0.0085634934454906
7.299999999999982 0.0082720500609861
7.349999999999982 0.0073335120319028
7.399999999999982 0.0064072126818195
7.4499999999999815 0.0061128480800299
7.499999999999981 0.0063037819719144
7.549999999999981 0.0062829421331317
7.599999999999981 0.0056482886586174
7.649999999999981 0.0047392597828987
7.699999999999981 0.0042014325840803
7.7499999999999805 0.0042437626129336
7.79999999999998 0.0044526545879803
7.84999999999998 0.0043059274308567
7.89999999999998 0.0037460451498651
7.94999999999998 0.0032021682227802
7.99999999999998 0.0031175688160926
8.04999999999998 0.0035190941137131
8.09999999999998 0.0040283941649134
8.14999999999998 0.0042525807001874
8.199999999999982 0.0041822286212286
8.249999999999982 0.0042418601614258
8.299999999999983 0.0049118063586636
8.349999999999984 0.0062265159277831
8.399999999999984 0.0076708939110317
8.449999999999985 0.0087049546217012
8.499999999999986 0.0094462299243195
8.549999999999986 0.0106844842812255
8.599999999999987 0.0130347914153401
8.649999999999988 0.0161330759676883
8.699999999999989 0.0189544280568703
8.74999999999999 0.0210721906184104
8.79999999999999 0.0233582642243725
8.84999999999999 0.0270732372149525
8.899999999999991 0.0322782958275678
8.949999999999992 0.0375929487731454
8.999999999999993 0.0418485194816054
9.049999999999994 0.0457098692956754
9.099999999999994 0.0510766707834519
9.149999999999995 0.0587423095883585
9.199999999999996 0.0672048328895962
9.249999999999996 0.07438023839734
9.299999999999997 0.0803137126393772
9.349999999999998 0.0874034033984796
9.399999999999999 0.0975296998668621
9.45 0.1095207016206797
9.5 0.1203397857185292
9.55 0.1288503829272797
9.600000000000001 0.1375001303742098
9.650000000000002 0.149507546421586
9.700000000000003 0.1647637971338171
9.750000000000004 0.1796403809943719
9.800000000000004 0.1913065952274003
9.850000000000005 0.201391466312429
9.900000000000006 0.2142422339057466
9.950000000000006 0.2315870956268503
10.000000000000007 0.2501361523271016
