0.0 1.0 1.0 1.0 1.0 1.0 1.0 1.0 1.0 1.0
0.05 0.9731961982404417 0.9732520903496078 0.9739911520017527 0.973196198240487 0.9732520903540214 0.9739911520017528 0.9731961982404417 0.9732520903496078 0.9739911520017527
0.1 0.9901858745173803 0.9903409710567069 0.9937745232609169 0.9901858745175255 0.990340971058825 0.9937745232609168 0.9901858745173803 0.9903409710567069 0.9937745232609169
0.15 0.9794970797060754 0.9796879669902512 0.9842785187007284 0.9794970797062768 0.9796879669936753 0.9842785187007282 0.9794970797060754 0.9796879669902512 0.9842785187007284
0.2 0.968265356516745 0.9685420149873594 0.9808107862073622 0.9682653565170937 0.9685420149910838 0.9808107862073622 0.968265356516745 0.9685420149873594 0.9808107862073622
0.25 0.9802466560554997 0.9805840313606006 0.9953851711365258 0.9802466560559449 0.9805840313622878 0.9953851711365258 0.9802466560554997 0.9805840313606006 0.9953851711365258
0.3 0.9481652386519137 0.9485769173739393 0.9723745819169463 0.9481652386524955 0.9485769173784112 0.9723745819169463 0.9481652386519137 0.9485769173739393 0.9723745819169463
0.35 0.9643659822638682 0.9648041963442918 0.9969016890374589 0.9643659822646025 0.9648041963452249 0.9969016890374589 0.9643659822638682 0.9648041963442918 0.9969016890374589
0.4 0.9365612890291519 0.9371454452742317 0.975546349284091 0.9365612890299945 0.9371454452784509 0.975546349284091 0.9365612890291519 0.9371454452742317 0.975546349284091
0.45 0.9328973440870014 0.9334255061733802 0.9868825738057011 0.932897344088025 0.9334255061761545 0.986882573805701 0.9328973440870014 0.9334255061733802 0.9868825738057011
0.5 0.9269139967256043 0.9276183989816902 0.9865025761669118 0.9269139967267389 0.9276183989847573 0.9865025761669118 0.9269139967256043 0.9276183989816902 0.9865025761669118
0.55 0.8979629151321247 0.8986772524436749 0.9741070638218334 0.8979629151334169 0.8986772524477973 0.9741070638218334 0.8979629151321247 0.8986772524436749 0.9741070638218334
0.6 0.9069990383441109 0.9077069051097784 0.9936052340219048 0.9069990383455447 0.9077069051114834 0.9936052340219049 0.9069990383441109 0.9077069051097784 0.9936052340219048
0.65 0.870732286500489 0.8717050565235359 0.9700533744478598 0.8707322865020365 0.8717050565280753 0.9700533744478599 0.870732286500489 0.8717050565235359 0.9700533744478598
0.7 0.8719617288253221 0.8726859412478591 0.9886031277744183 0.8719617288270257 0.872685941250067 0.9886031277744182 0.8719617288253221 0.8726859412478591 0.9886031277744183
0.75 0.8509527057461777 0.8520592059608342 0.9774847765832754 0.8509527057479839 0.8520592059648233 0.9774847765832755 0.8509527057461777 0.8520592059608342 0.9774847765832754
0.8 0.8293010492429015 0.830247750559017 0.975129605746664 0.8293010492448234 0.8302477505626765 0.975129605746664 0.8293010492429015 0.830247750559017 0.975129605746664
0.85 0.8283747081076918 0.8293924700483077 0.9871799076832818 0.8283747081097446 0.829392470051155 0.9871799076832818 0.8283747081076918 0.8293924700483077 0.9871799076832818
0.9 0.7913460495610126 0.7926672286715007 0.9654766341566813 0.7913460495631276 0.7926672286760184 0.9654766341566813 0.7913460495610126 0.7926672286715007 0.9654766341566813
0.95 0.7941751068791263 0.7950970064867743 0.987141811297413 0.7941751068813738 0.7950970064890968 0.987141811297413 0.7941751068791263 0.7950970064867743 0.987141811297413
1.0 0.7632968704756922 0.7648302592187307 0.9680270171804395 0.7632968704779969 0.7648302592232051 0.9680270171804394 0.7632968704756922 0.7648302592187307 0.9680270171804395
1.05 0.7500862444527974 0.7512150002754863 0.9749831502734049 0.7500862444551736 0.7512150002787238 0.9749831502734049 0.7500862444527974 0.7512150002754863 0.9749831502734049
1.1 0.7390593324892685 0.7404593461559975 0.9783626847513234 0.7390593324917516 0.7404593461596644 0.9783626847513234 0.7390593324892685 0.7404593461559975 0.9783626847513234
1.15 0.7066176676417668 0.7082313159124545 0.9607977919003087 0.7066176676442375 0.7082313159167037 0.9607977919003087 0.7066176676417668 0.7082313159124545 0.9607977919003087
1.2 0.7083632697830254 0.7095345816980484 0.9834217554109476 0.7083632697856288 0.7095345817008188 0.9834217554109477 0.7083632697830254 0.7095345816980484 0.9834217554109476
1.25 0.6726590308096687 0.6746266242104786 0.9570457362189707 0.6726590308122429 0.6746266242150636 0.9570457362189707 0.6726590308096687 0.6746266242104786 0.9570457362189707
1.3 0.6675159101872833 0.6688042772449183 0.9747854676854002 0.6675159101899262 0.6688042772478272 0.9747854676854003 0.6675159101872833 0.6688042772449183 0.9747854676854002
1.35 0.6471591469461953 0.649028785945359 0.9656445324263244 0.6471591469488834 0.649028785949497 0.9656445324263243 0.6471591469461953 0.649028785945359 0.9656445324263244
1.4 0.6231647265471189 0.624996534303901 0.9576599916601796 0.6231647265497529 0.6249965343076865 0.9576599916601797 0.6231647265471189 0.624996534303901 0.9576599916601796
1.45 0.6209636063282016 0.6224852645276833 0.9756327176087607 0.6209636063309653 0.6224852645309228 0.9756327176087608 0.6209636063282016 0.6224852645276833 0.9756327176087607
1.5 0.5854944904826558 0.587857395675536 0.9458521804763309 0.5854944904852928 0.587857395679902 0.945852180476331 0.5854944904826558 0.587857395675536 0.9458521804763309
1.55 0.586505939729938 0.587970174308147 0.9740257730290673 0.5865059397326869 0.5879701743108887 0.9740257730290673 0.586505939729938 0.587970174308147 0.9740257730290673
1.6 0.5583584598717807 0.5607593542444611 0.9481060232996585 0.5583584598744632 0.5607593542487349 0.9481060232996587 0.5583584598717807 0.5607593542444611 0.9481060232996585
1.65 0.5452968041309305 0.5472515187380169 0.958606528762028 0.5452968041335938 0.547251518741227 0.958606528762028 0.5452968041309305 0.5472515187380169 0.958606528762028
1.7 0.5359788259319465 0.5379750162006963 0.9594057004751378 0.5359788259346747 0.5379750162042777 0.9594057004751378 0.5359788259319465 0.5379750162006963 0.9594057004751378
1.75 0.5063447230379643 0.508970904611055 0.9403371113253819 0.5063447230405256 0.5089709046149277 0.9403371113253819 0.5063447230379643 0.508970904611055 0.9403371113253819
1.8 0.5091407383133397 0.5108510542411294 0.9658788570980542 0.5091407383159074 0.5108510542439162 0.9658788570980542 0.5091407383133397 0.5108510542411294 0.9658788570980542
1.85 0.4771023620181197 0.47997554479601534 0.9324807635857556 0.47710236202067446 0.4799755448000921 0.9324807635857555 0.4771023620181197 0.47997554479601534 0.9324807635857556
1.9 0.47438488912179794 0.4763805217915123 0.9581962100649373 0.4743848891247005 0.4763805217942051 0.9581962100649373 0.47438488912179794 0.4763805217915123 0.9581962100649373
1.95 0.45642165800734796 0.4589475254419916 0.9379801866812224 0.4564216580133276 0.458947525445675 0.9379801866812224 0.45642165800734796 0.4589475254419916 0.9379801866812224
2.0 0.43731508628617555 0.43998368629618845 0.9405222986858687 0.4373150862862527 0.4399836862994087 0.9405222986858687 0.43731508628617555 0.43998368629618845 0.9405222986858687
2.05 0.4361042507145301 0.4381562839966395 0.946959116778455 0.4361042507112057 0.4381562839995625 0.946959116778455 0.4361042507145301 0.4381562839966395 0.946959116778455
2.1 0.40660561664228884 0.40971464246243994 0.9256719104629497 0.4066056166364622 0.4097146424660445 0.9256719104629497 0.40660561664228884 0.40971464246243994 0.9256719104629497
2.15 0.4093859457381617 0.4114197615243868 0.9471015439861223 0.4093859457262449 0.4114197615267881 0.9471015439861222 0.4093859457381617 0.4114197615243868 0.9471015439861223
2.2 0.38548853006417044 0.38842730829059485 0.9223924390295033 0.38548853004905126 0.3884273082940992 0.9223924390295033 0.38548853006417044 0.38842730829059485 0.9223924390295033
2.25 0.3773085983656299 0.3798490485518095 0.9353356659941239 0.37730859831816516 0.3798490485543966 0.9353356659941239 0.3773085983656299 0.3798490485518095 0.9353356659941239
2.3 0.36908746616714305 0.3715032158806404 0.9276369456674057 0.3690874661226312 0.3715032158835928 0.9276369456674056 0.36908746616714305 0.3715032158806404 0.9276369456674057
2.35 0.3471418405273889 0.35021969641109074 0.9197608047483572 0.34714184045834967 0.3502196964140939 0.9197608047483571 0.3471418405273889 0.35021969641109074 0.9197608047483572
2.4 0.34967808982055704 0.3518127377772609 0.9306884355086648 0.34967808971606684 0.35181273777955635 0.9306884355086649 0.34967808982055704 0.3518127377772609 0.9306884355086648
2.45 0.32496844374304246 0.3281060123691032 0.9108284132732167 0.3249684435891053 0.3281060123722271 0.9108284132732168 0.32496844374304246 0.3281060123691032 0.9108284132732167
2.5 0.3242472062292665 0.32664082505839154 0.9241451581479294 0.32424720604947577 0.3266408250604979 0.9241451581479293 0.3242472062292665 0.32664082505839154 0.9241451581479294
2.55 0.30997259473026084 0.3126983035690392 0.9111783544637879 0.30997259446400316 0.3126983035718588 0.9111783544637878 0.30997259473026084 0.3126983035690392 0.9111783544637879
2.6 0.29694461779392456 0.2998593331718629 0.9106205023246627 0.296944617484558 0.2998593331742702 0.9106205023246629 0.29694461779392456 0.2998593331718629 0.9106205023246627
2.65 0.295763582242296 0.2980844298423573 0.9140029373785303 0.29576358188370383 0.2980844298445973 0.9140029373785303 0.295763582242296 0.2980844298423573 0.9140029373785303
2.7 0.2744956460648468 0.27767413727457585 0.8991316225691741 0.27449564564208523 0.277674137277231 0.899131622569174 0.2744956460648468 0.27767413727457585 0.8991316225691741
2.75 0.276906680632729 0.2792594444506054 0.9106996468873051 0.276906680172884 0.27925944445241857 0.910699646887305 0.276906680632729 0.2792594444506054 0.9106996468873051
2.8 0.25951594747843737 0.26249048873694 0.8956220009017465 0.2595159470188945 0.26249048873950875 0.8956220009017465 0.25951594747843737 0.26249048873694 0.8956220009017465
2.85 0.25399995189220764 0.2567783424425468 0.8995490787493509 0.2539999514427308 0.256778342444447 0.8995490787493509 0.25399995189220764 0.2567783424425468 0.8995490787493509
2.9 0.24831655319550439 0.25090248467049897 0.8973758561278723 0.24831655279032314 0.25090248467265486 0.8973758561278723 0.24831655319550439 0.25090248467049897 0.8973758561278723
2.95 0.23254717907481748 0.23572164367542928 0.8868561576971046 0.2325471787304409 0.23572164367760914 0.8868561576971045 0.23254717907481748 0.23572164367542928 0.8868561576971046
3.0 0.23492548341492792 0.2373858133863191 0.8964369491690957 0.23492548312488623 0.237385813387983 0.8964369491690956 0.23492548341492792 0.2373858133863191 0.8964369491690957
3.05 0.21721392914516696 0.22041289772313438 0.8800670440378675 0.21721392896118327 0.220412897725392 0.8800670440378674 0.21721392914516696 0.22041289772313438 0.8800670440378675
3.1 0.21697779995237912 0.2197287289164099 0.8879706699363493 0.21697779986455082 0.21972872891792827 0.8879706699363493 0.21697779995237912 0.2197287289164099 0.8879706699363493
3.15 0.20734995783232943 0.21027206206950463 0.8802323434791909 0.20734995780417456 0.210272062071533 0.8802323434791909 0.20734995783232943 0.21027206206950463 0.8802323434791909
3.2 0.19766169307535522 0.20085846005099675 0.8749774678425477 0.19766169316112056 0.20085846005273597 0.8749774678425476 0.19766169307535522 0.20085846005099675 0.8749774678425477
3.25 0.19798482025438294 0.20069961851622323 0.8812812846977974 0.1979848204272709 0.20069961851781898 0.8812812846977973 0.19798482025438294 0.20069961851622323 0.8812812846977974
3.3 0.18216492841710916 0.1855859784216106 0.8649687096361078 0.18216492867998718 0.18558597842353167 0.8649687096361078 0.18216492841710916 0.1855859784216106 0.8649687096361078
3.35 0.18490903254447566 0.18776380462387104 0.8763841658614172 0.1849090328900449 0.1877638046251512 0.8763841658614172 0.18490903254447566 0.18776380462387104 0.8763841658614172
3.4 0.1724631291562545 0.1757718777568088 0.862352992168859 0.17246312955932158 0.1757718777586666 0.8623529921688589 0.1724631291562545 0.1757718777568088 0.862352992168859
3.45 0.16864115550208708 0.1719060507609267 0.8647549035618518 0.16864115596011395 0.171906050762285 0.8647549035618518 0.16864115550208708 0.1719060507609267 0.8647549035618518
3.5 0.16559364044836095 0.16868273003018233 0.8642233609403911 0.16559364088036993 0.16868273003173354 0.8642233609403911 0.16559364044836095 0.16868273003018233 0.8642233609403911
3.55 0.15354540646094497 0.15716596311777048 0.8522340284845493 0.15354540698113878 0.15716596311934738 0.8522340284845492 0.15354540646094497 0.15716596311777048 0.8522340284845493
3.6 0.1568165326797146 0.15989430010699202 0.8634540913968177 0.15681653321852027 0.15989430010817157 0.8634540913968177 0.1568165326797146 0.15989430010699202 0.8634540913968177
3.65 0.14331011004055377 0.14699115915828653 0.8454312561373543 0.14331011056682838 0.14699115915992916 0.8454312561373543 0.14331011004055377 0.14699115915828653 0.8454312561373543
3.7 0.14426016646890152 0.14762352671237475 0.8557085156390234 0.14426016697302402 0.14762352671344528 0.8557085156390233 0.14426016646890152 0.14762352671237475 0.8557085156390234
3.75 0.13740151547128265 0.14090701814039822 0.8454257641688907 0.13740151593700947 0.14090701814187823 0.8454257641688907 0.13740151547128265 0.14090701814039822 0.8454257641688907
3.8 0.13048024523952045 0.13422103655966125 0.8434176269984193 0.1304802456562483 0.13422103656090528 0.8434176269984192 0.13048024523952045 0.13422103655966125 0.8434176269984193
3.85 0.13182597427441994 0.13518937774045817 0.8470639194572143 0.13182597456748857 0.1351893777416158 0.8470639194572143 0.13182597427441994 0.13518937774045817 0.8470639194572143
3.9 0.11966246466636316 0.12358996747618184 0.8331313856095486 0.11966246500915387 0.12358996747757006 0.8331313856095486 0.11966246466636316 0.12358996747618184 0.8331313856095486
3.95 0.12315512343023731 0.1266124721662335 0.8441624440534303 0.12315512373516853 0.12661247216714125 0.8441624440534303 0.12315512343023731 0.1266124721662335 0.8441624440534303
4.0 0.11346847245826593 0.11729933147023959 0.8291902978046225 0.11346847272493803 0.11729933147159144 0.8291902978046224 0.11346847245826593 0.11729933147023959 0.8291902978046225
4.05 0.11171933658607122 0.11545612550282719 0.8352969644196796 0.11171933681624702 0.11545612550378184 0.8352969644196796 0.11171933658607122 0.11545612550282719 0.8352969644196796
4.1 0.1095996683452628 0.11321344362457991 0.8299381917483314 0.1095996685429887 0.1132134436257119 0.8299381917483314 0.1095996683452628 0.11321344362457991 0.8299381917483314
4.15 0.1009795996230904 0.10494617319367996 0.8246993098488976 0.10097959978534285 0.10494617319479702 0.8246993098488976 0.1009795996230904 0.10494617319367996 0.8246993098488976
4.2 0.10424605233054539 0.10776494468081542 0.8298227359444448 0.10424605247188974 0.10776494468166403 0.8298227359444449 0.10424605233054539 0.10776494468081542 0.8298227359444448
4.25 0.09396647041107697 0.09792839185845569 0.8178268265946296 0.09396647053006515 0.09792839185962716 0.8178268265946297 0.09396647041107697 0.09792839185845569 0.8178268265946296
4.3 0.09578824981328127 0.09942574522515436 0.8249164034835432 0.0957882499102361 0.09942574522589985 0.8249164034835432 0.09578824981328127 0.09942574522515436 0.8249164034835432
4.35 0.0904070037458529 0.09416399457196778 0.8162190770869315 0.09040700382762223 0.09416399457302767 0.8162190770869315 0.0904070037458529 0.09416399457196778 0.8162190770869315
4.4 0.08612659486064628 0.08996816519515186 0.8163770600637245 0.08612659492658105 0.08996816519601483 0.8163770600637245 0.08612659486064628 0.08996816519515186 0.8163770600637245
4.45 0.08722297342326986 0.09078023328183109 0.8165301435158129 0.08722297347881014 0.09078023328265623 0.816530143515813 0.08722297342326986 0.09078023328183109 0.8165301435158129
4.5 0.07855902261566963 0.08248554564969465 0.8087939302782424 0.07855902266033266 0.08248554565066385 0.8087939302782424 0.07855902261566963 0.08248554564969465 0.8087939302782424
4.55 0.08165759067575198 0.08519593247916517 0.8142468837349742 0.08165759071318537 0.08519593247979605 0.8142468837349742 0.08165759067575198 0.08519593247916517 0.8142468837349742
4.6 0.07450534298638138 0.0783188241482448 0.8054731382696791 0.07450534301707992 0.07831882414919253 0.8054731382696791 0.07450534298638138 0.0783188241482448 0.8054731382696791
4.65 0.07384028976645116 0.07753046431295649 0.8081214865290252 0.07384028979180521 0.07753046431361245 0.808121486529025 0.07384028976645116 0.07753046431295649 0.8081214865290252
4.7 0.07229213229979471 0.0759096861681943 0.8054319041302751 0.07229213232095318 0.0759096861689871 0.8054319041302752 0.07229213229979471 0.0759096861681943 0.8054319041302751
4.75 0.06639116359567422 0.0702384415902916 0.8010310350743415 0.06639116361273491 0.07023844159106643 0.8010310350743415 0.06639116359567422 0.0702384415902916 0.8010310350743415
4.8 0.06898812788430983 0.07251655309715134 0.8048084338004435 0.06898812789887702 0.07251655309773877 0.8048084338004435 0.06898812788430983 0.07251655309715134 0.8048084338004435
4.85 0.0616849276283227 0.0655466446160865 0.7967761764041922 0.06168492763998076 0.06554664461690496 0.7967761764041923 0.0616849276283227 0.0655466446160865 0.7967761764041922
4.9 0.06328820111765764 0.06691738159138572 0.8009257539167252 0.06328820112761226 0.06691738159189974 0.8009257539167253 0.06328820111765764 0.06691738159138572 0.8009257539167252
4.95 0.05957886881235025 0.063324010086896 0.7962702128573514 0.05957886882047349 0.0633240100876388 0.7962702128573514 0.05957886881235025 0.063324010086896 0.7962702128573514
5.0 0.05660437913494261 0.06043283351345064 0.7948480334772171 0.05660437914138143 0.06043283351405649 0.794848033477217 0.05660437913494261 0.06043283351345064 0.7948480334772171
5.05 0.05773898792740134 0.061386751172819165 0.7968648503450676 0.0577389879331325 0.0613867511733961 0.7968648503450676 0.05773898792740134 0.061386751172819165 0.7968648503450676
5.1 0.05146613236753474 0.05542823826579786 0.7900680721925223 0.05146613237192666 0.05542823826648638 0.7900680721925224 0.05146613236753474 0.05542823826579786 0.7900680721925223
5.15 0.0540414980827667 0.057747044839134176 0.7952230178264669 0.05404149808748865 0.05774704483957635 0.7952230178264669 0.0540414980827667 0.057747044839134176 0.7952230178264669
5.2 0.04897915498327512 0.05293521532363961 0.7888971263654256 0.04897915498700893 0.05293521532431818 0.7888971263654255 0.04897915498327512 0.05293521532363961 0.7888971263654256
5.25 0.04858165380934854 0.05249196645063602 0.7906788337075996 0.048581653811223306 0.05249196645110756 0.7906788337075996 0.04858165380934854 0.05249196645063602 0.7906788337075996
5.3 0.047854146869796374 0.05174474814805917 0.7902404286771957 0.04785414686828611 0.05174474814863053 0.7902404286771958 0.047854146869796374 0.05174474814805917 0.7902404286771957
5.35 0.043393728605767304 0.04751948105443821 0.7857732061437167 0.04339372860366765 0.04751948105500383 0.7857732061437167 0.043393728605767304 0.04751948105443821 0.7857732061437167
5.4 0.04581445589269067 0.049725244455621855 0.7908375336505152 0.0458144559014547 0.04972524445604904 0.7908375336505153 0.04581445589269067 0.049725244455621855 0.7908375336505152
5.45 0.040329209300979565 0.04455387662641193 0.7836218773211584 0.040329209304766245 0.04455387662701507 0.7836218773211584 0.040329209300979565 0.04455387662641193 0.7836218773211584
5.5 0.04184736252270128 0.04592635153421692 0.7885477586019888 0.041847362524699346 0.04592635153459836 0.7885477586019888 0.04184736252270128 0.04592635153421692 0.7885477586019888
5.55 0.039271526087837794 0.043479169398841666 0.78486247198971 0.03927152608865665 0.0434791693993958 0.7848624719897099 0.039271526087837794 0.043479169398841666 0.78486247198971
5.6 0.03707295527101302 0.04138843817134515 0.7843757319720471 0.03707295527166016 0.041388438171799435 0.784375731972047 0.03707295527101302 0.04138843817134515 0.7843757319720471
5.65 0.0383756222877846 0.04256554974793289 0.7871551183011631 0.03837562228847475 0.042565549748370825 0.7871551183011631 0.0383756222877846 0.04256554974793289 0.7871551183011631
5.7 0.03350106085197878 0.03798028071115761 0.7813615053904679 0.03350106085258982 0.03798028071167623 0.7813615053904679 0.03350106085197878 0.03798028071115761 0.7813615053904679
5.75 0.035950549092770304 0.04022825739745065 0.7875615604037614 0.035950549093291824 0.04022825739779244 0.7875615604037612 0.035950549092770304 0.04022825739745065 0.7875615604037614
5.8 0.03202638484100839 0.03652870861463354 0.7815921465665232 0.03202638484146489 0.0365287086151499 0.7815921465665231 0.03202638484100839 0.03652870861463354 0.7815921465665232
5.85 0.03205722757368202 0.036518041273089885 0.7853477042611111 0.03205722757408514 0.036518041273451596 0.785347704261111 0.03205722757368202 0.036518041273089885 0.7853477042611111
5.9 0.0316398595130041 0.03608542374427941 0.7843035284890569 0.031639859513376486 0.03608542374472222 0.7843035284890568 0.0316398595130041 0.03608542374427941 0.7843035284890569
5.95 0.02831255356285665 0.03293759510182136 0.7825189950561019 0.028312553563168003 0.032937595102250715 0.7825189950561019 0.02831255356285665 0.03293759510182136 0.7825189950561019
6.0 0.030520232048833945 0.034947285192901606 0.7867957789752402 0.03052023204915149 0.03494728519323999 0.7867957789752401 0.030520232048833945 0.034947285192901606 0.7867957789752402
6.05 0.026221671203105916 0.0308867295900975 0.7817450728691053 0.026221671203363127 0.03088672959055576 0.7817450728691054 0.026221671203105916 0.0308867295900975 0.7817450728691053
6.1 0.02782067193403358 0.03232276512100837 0.7870890521054714 0.02782067193429617 0.0323227651213068 0.7870890521054714 0.02782067193403358 0.03232276512100837 0.7870890521054714
6.15 0.025743226257262237 0.030326045961526136 0.7838299595218751 0.025743226257494287 0.030326045961951847 0.7838299595218751 0.025743226257262237 0.030326045961526136 0.7838299595218751
6.2 0.02439148115703257 0.02900530015497412 0.7856820127822619 0.024391481157250067 0.029005300155318638 0.7856820127822619 0.02439148115703257 0.02900530015497412 0.7856820127822619
6.25 0.025439395186869895 0.029917512008392242 0.7871436917021468 0.025439395187045664 0.029917512008735356 0.7871436917021468 0.025439395186869895 0.029917512008392242 0.7871436917021468
6.3 0.02183132743267792 0.02648862063473261 0.7848364206786365 0.02183132743285067 0.026488620635122244 0.7848364206786363 0.02183132743267792 0.02648862063473261 0.7848364206786365
6.35 0.02394498494774183 0.028393182640726412 0.7893788883198001 0.023944984947940652 0.028393182640997095 0.7893788883198002 0.02394498494774183 0.028393182640726412 0.7893788883198001
6.4 0.02090205720472072 0.025488958931749656 0.7862807100988599 0.020902057204890783 0.02548895893213986 0.7862807100988599 0.02090205720472072 0.025488958931749656 0.7862807100988599
6.45 0.021251864587827733 0.02575127672080037 0.7897682299698181 0.02125186458800328 0.025751276721079592 0.7897682299698181 0.021251864587827733 0.02575127672080037 0.7897682299698181
6.5 0.020868293713822414 0.02532841038886361 0.7896416137473402 0.020868293713994283 0.025328410389205542 0.7896416137473401 0.020868293713822414 0.02532841038886361 0.7896416137473402
6.55 0.018599731801992474 0.023153873337647016 0.789628068574402 0.018599731802147513 0.023153873337974123 0.7896280685744019 0.018599731801992474 0.023153873337647016 0.789628068574402
6.6 0.020317400452632917 0.024697355212569848 0.7930171660616109 0.020317400452808953 0.024697355212843917 0.7930171660616109 0.020317400452632917 0.024697355212569848 0.7930171660616109
6.65 0.017189730319407973 0.02172773061125956 0.7908721474725998 0.017189730319561627 0.02172773061161229 0.7908721474725998 0.017189730319407973 0.02172773061125956 0.7908721474725998
6.7 0.018558839367071034 0.022957577993457393 0.7949441943469188 0.018558839367244322 0.0229575779937105 0.7949441943469188 0.018558839367071034 0.022957577993457393 0.7949441943469188
6.75 0.01704324226003984 0.021499688481140946 0.7941010739742781 0.017043242260203543 0.021499688481481375 0.794101073974278 0.01704324226003984 0.021499688481140946 0.7941010739742781
6.8 0.016221509387906872 0.020699390554798306 0.7957533183678025 0.016221509388078554 0.020699390555089757 0.7957533183678024 0.016221509387906872 0.020699390554798306 0.7957533183678025
6.85 0.017082987394686472 0.021470726843317144 0.7981334918308083 0.017082987394874592 0.021470726843618355 0.7981334918308083 0.017082987394686472 0.021470726843317144 0.7981334918308083
6.9 0.014544787455419246 0.019081819562225936 0.7970682801581105 0.014544787455598686 0.019081819562559308 0.7970682801581104 0.014544787455419246 0.019081819562225936 0.7970682801581105
6.95 0.016259490671446195 0.02066510174307061 0.8013014875957397 0.016259490671649127 0.02066510174334802 0.8013014875957397 0.016259490671446195 0.02066510174307061 0.8013014875957397
7.0 0.0141476026547674 0.018685391974156768 0.8000928017249745 0.014147602654967182 0.018685391974509174 0.8000928017249745 0.0141476026547674 0.018685391974156768 0.8000928017249745
7.05 0.014560949947598155 0.019072304834396356 0.803111184088911 0.014560949947811964 0.019072304834698562 0.803111184088911 0.014560949947598155 0.019072304834396356 0.803111184088911
7.1 0.014495097925342718 0.019013997943730036 0.8044401692116872 0.01449509792557114 0.019013997944079188 0.8044401692116872 0.014495097925342718 0.019013997943730036 0.8044401692116872
7.15 0.012950156087342325 0.01758966797927953 0.8046325352755335 0.012950156087569466 0.017589667979628954 0.8046325352755336 0.012950156087342325 0.01758966797927953 0.8046325352755335
7.2 0.014516982250017177 0.019070191937145865 0.8085983776401826 0.014516982250275043 0.019070191937489753 0.8085983776401826 0.014516982250017177 0.019070191937145865 0.8085983776401826
7.25 0.012375054093781854 0.017100881976615932 0.8073341875309737 0.01237505409403321 0.017100881977006446 0.8073341875309737 0.012375054093781854 0.017100881976615932 0.8073341875309737
7.3 0.013692672616194878 0.018366548891772572 0.8114627511348721 0.013692672616476068 0.018366548892137055 0.8114627511348721 0.013692672616194878 0.018366548891772572 0.8114627511348721
7.35 0.012874692634945343 0.017642227366581074 0.8116016708552748 0.012874692635234905 0.01764222736700037 0.8116016708552747 0.012874692634945343 0.017642227366581074 0.8116016708552748
7.4 0.012525944494532142 0.017369006111169462 0.8133782975840298 0.0125259444948333 0.017369006111580022 0.8133782975840298 0.012525944494532142 0.017369006111169462 0.8133782975840298
7.45 0.013629205992284229 0.018447961290069252 0.8163955080231734 0.013629205992618652 0.01844796129051045 0.8163955080231734 0.013629205992284229 0.018447961290069252 0.8163955080231734
7.5 0.01200174786370946 0.01699189120158024 0.8157144623693615 0.012001747864039026 0.016991891202044678 0.8157144623693616 0.01200174786370946 0.01699189120158024 0.8157144623693615
7.55 0.013831266475472743 0.018761546451717535 0.8203083930624614 0.013831266475847606 0.018761546452188974 0.8203083930624614 0.013831266475472743 0.018761546451717535 0.8203083930624614
7.6 0.012624274913603439 0.017702156160635484 0.8194737645150589 0.012624274913979707 0.017702156161153164 0.819473764515059 0.012624274913603439 0.017702156160635484 0.8194737645150589
7.65 0.013479507829819855 0.0185753633299451 0.8229171711922225 0.013479507830228644 0.018575363330465004 0.8229171711922226 0.013479507829819855 0.0185753633299451 0.8229171711922225
7.7 0.01398895521570391 0.019120018437432093 0.8243315658561392 0.01398895521614188 0.01912001843799999 0.8243315658561392 0.01398895521570391 0.019120018437432093 0.8243315658561392
7.75 0.013339501414444946 0.018596240672092968 0.8251145413140248 0.013339501414891609 0.01859624067267575 0.825114541314025 0.013339501414444946 0.018596240672092968 0.8251145413140248
7.8 0.015255581453258307 0.02045848987491565 0.828999444271859 0.01525558145375966 0.020458489875534114 0.8289994442718589 0.015255581453258307 0.02045848987491565 0.828999444271859
7.85 0.014172838443198667 0.019529506356750853 0.8281686102544824 0.014172838443701671 0.019529506357405215 0.8281686102544823 0.014172838443198667 0.019529506356750853 0.8281686102544824
7.9 0.0159996855495877 0.021316174946059807 0.8324802064175739 0.015999685550145717 0.02131617494673782 0.8324802064175739 0.0159996855495877 0.021316174946059807 0.8324802064175739
7.95 0.016026177540372468 0.02141737608946334 0.832489458987498 0.01602617754095323 0.02141737609019312 0.8324894589874982 0.016026177540372468 0.02141737608946334 0.832489458987498
8.0 0.016599168173549873 0.022039407799469106 0.8349624760315716 0.016599168174163518 0.022039407800220335 0.8349624760315716 0.016599168173549873 0.022039407799469106 0.8349624760315716
8.05 0.018252675096271882 0.023657307747909587 0.8372922870269137 0.0182526750969403 0.02365730774871454 0.8372922870269137 0.018252675096271882 0.023657307747909587 0.8372922870269137
8.1 0.017822947416611584 0.02334242548878407 0.837534525980697 0.01782294741729417 0.02334242548962147 0.837534525980697 0.017822947416611584 0.02334242548878407 0.837534525980697
8.15 0.020187098525466147 0.02562886223010366 0.8414089876913862 0.0201870985262187 0.02562886223098597 0.8414089876913862 0.020187098525466147 0.02562886223010366 0.8414089876913862
8.2 0.020075170337615127 0.025604953177268217 0.8410778857375462 0.02007517033838882 0.025604953178200704 0.8410778857375462 0.020075170337615127 0.025604953177268217 0.8410778857375462
8.25 0.02177988760588244 0.027284698961990837 0.84439236206633 0.021779887606713608 0.02728469896295905 0.84439236206633 0.02177988760588244 0.027284698961990837 0.84439236206633
8.3 0.0230402753062716 0.028539368945126976 0.845450152876802 0.023040275307151702 0.028539368946156662 0.8454501528768021 0.0230402753062716 0.028539368945126976 0.845450152876802
8.35 0.02359047338024485 0.029147230275149868 0.8468480274850908 0.023590473381159598 0.029147230276216053 0.8468480274850909 0.02359047338024485 0.029147230275149868 0.8468480274850908
8.4 0.026033301958968316 0.03151283146316991 0.8497030245867352 0.026033301959955703 0.03151283146429552 0.8497030245867351 0.026033301958968316 0.03151283146316991 0.8497030245867352
8.45 0.02619767757097133 0.03176146470326252 0.849747454379279 0.02619767757198588 0.03176146470443699 0.8497474543792789 0.02619767757097133 0.03176146470326252 0.849747454379279
8.5 0.028665496666013552 0.034165282536252915 0.853039214388329 0.028665496667100946 0.034165282537476784 0.853039214388329 0.028665496666013552 0.034165282536252915 0.853039214388329
8.55 0.029634126495738374 0.03516627635429984 0.853461639744687 0.02963412649686845 0.03516627635558634 0.853461639744687 0.029634126495738374 0.03516627635429984 0.853461639744687
8.6 0.03116809032337219 0.036712963171021615 0.8555367426099846 0.031168090324555937 0.03671296317235132 0.8555367426099846 0.03116809032337219 0.036712963171021615 0.8555367426099846
8.65 0.03337922993054775 0.0388830983162891 0.8574562404167803 0.03337922993179791 0.03888309831768476 0.8574562404167804 0.03337922993054775 0.0388830983162891 0.8574562404167803
8.7 0.034095807560968396 0.03967529532277827 0.8579740751564195 0.034095807562255304 0.03967529532422213 0.8579740751564197 0.034095807560968396 0.03967529532277827 0.8579740751564195
8.75 0.0368714710288884 0.042389897003457834 0.860878516469053 0.03687147103025117 0.04238989700495951 0.8608785164690529 0.0368714710288884 0.042389897003457834 0.860878516469053
8.8 0.03774333938752485 0.043331471899689465 0.8610032305526318 0.037743339388926295 0.04333147190125082 0.861003230552632 0.03774333938752485 0.043331471899689465 0.8610032305526318
8.85 0.04001164909917513 0.045591159024488834 0.8633966443621491 0.040011649100641214 0.045591159026097915 0.8633966443621491 0.04001164909917513 0.045591159024488834 0.8633966443621491
8.9 0.04185277123595591 0.047444540477847144 0.8645187700152076 0.04185277123747729 0.04744454047952186 0.8645187700152077 0.04185277123595591 0.047444540477847144 0.8645187700152076
8.95 0.04318127284192354 0.04883891456395632 0.8654654409160571 0.04318127284348973 0.04883891456567698 0.8654654409160571 0.04318127284192354 0.04883891456395632 0.8654654409160571
9.0 0.045866285730605194 0.05149330753285668 0.8678116569754718 0.045866285732240594 0.05149330753463721 0.8678116569754718 0.045866285730605194 0.05149330753285668 0.8678116569754718
9.05 0.04679976848071316 0.05252256826887289 0.8678107223891623 0.046799768482384 0.052522568270706456 0.8678107223891623 0.04679976848071316 0.05252256826887289 0.8678107223891623
9.1 0.04944018416579697 0.05515106763389516 0.8702960584719613 0.049440184167533395 0.05515106763577668 0.8702960584719615 0.04944018416579697 0.05515106763389516 0.8702960584719613
9.15 0.0508798972074985 0.05665332514455652 0.8706911233546392 0.05087989720927768 0.05665332514649756 0.8706911233546393 0.0508798972074985 0.05665332514455652 0.8706911233546392
9.2 0.052711737393577145 0.058537407827230666 0.8720638641224986 0.05271173739540446 0.05853740782921235 0.8720638641224986 0.052711737393577145 0.058537407827230666 0.8720638641224986
9.25 0.05500484229892902 0.06083952044400487 0.8736663567516447 0.05500484230081187 0.060839520446042746 0.8736663567516448 0.05500484229892902 0.06083952044400487 0.8736663567516447
9.3 0.056086551991971614 0.06202347606967496 0.8737445001791035 0.05608655199388657 0.062023476071755554 0.8737445001791035 0.056086551991971614 0.06202347606967496 0.8737445001791035
9.35 0.05871569520257239 0.06464582116794233 0.876059100262103 0.05871569520454557 0.06464582117006701 0.876059100262103 0.05871569520257239 0.06464582116794233 0.876059100262103
9.4 0.059788047471707344 0.06581288895569719 0.8758540476994311 0.05978804747371023 0.06581288895787024 0.8758540476994311 0.059788047471707344 0.06581288895569719 0.8758540476994311
9.45 0.06190944136111666 0.06796541725943106 0.8776176394831785 0.06190944136316545 0.06796541726163667 0.8776176394831786 0.06190944136111666 0.06796541725943106 0.8776176394831785
9.5 0.0636169544537096 0.06971548369554063 0.8782949185920473 0.06361695445579633 0.06971548369779385 0.8782949185920473 0.0636169544537096 0.06971548369554063 0.8782949185920473
9.55 0.06486947365826783 0.07105180789807959 0.8787286612611044 0.0648694736603826 0.07105180790036238 0.8787286612611045 0.06486947365826783 0.07105180789807959 0.8787286612611044
9.6 0.06713364331695558 0.07331453780651527 0.8804765692097694 0.06713364331911435 0.07331453780883498 0.8804765692097694 0.06713364331695558 0.07331453780651527 0.8804765692097694
9.65 0.06792926726624765 0.07420807964721926 0.8800058454231416 0.06792926726842423 0.07420807964957234 0.8800058454231416 0.06792926726624765 0.07420807964721926 0.8800058454231416
9.7 0.070058002886787 0.0763388086485567 0.8819009689929618 0.07005800288900219 0.07633880865093293 0.8819009689929617 0.070058002886787 0.0763388086485567 0.8819009689929618
9.75 0.07111760621909644 0.07745640420111 0.8816883221344068 0.07111760622133136 0.07745640420352108 0.881688322134407 0.07111760621909644 0.07745640420111 0.8816883221344068
9.8 0.07249128958887041 0.07887168478878269 0.8826239869250799 0.07249128959112806 0.07887168479120919 0.8826239869250798 0.07249128958887041 0.07887168478878269 0.8826239869250799
9.85 0.074123810128981 0.08050342787472735 0.8834339762925135 0.0741238101312648 0.08050342787718119 0.8834339762925135 0.074123810128981 0.08050342787472735 0.8834339762925135
9.9 0.07476385952247164 0.08121319199921546 0.8831631568238927 0.07476385952476364 0.08121319200168567 0.8831631568238928 0.07476385952247164 0.08121319199921546 0.8831631568238927
9.95 0.07659168177279757 0.08301200882695975 0.8846761339975824 0.07659168177511592 0.08301200882944343 0.8846761339975823 0.07659168177279757 0.08301200882695975 0.8846761339975824
10.0 0.07708215956412219 0.083553462507525 0.8839781601352794 0.07708215956644428 0.08355346251002799 0.8839781601352794 0.07708215956412219 0.083553462507525 0.8839781601352794
