0.0 0.0 0.0 0.0 0.0 0.9999999999999313 0.0 0.8639310172206912 0.0 0.9999999999999417 0.7978845608028653 0.0
0.05 0.0 0.0 -5.752929024797563e-17 0.0 0.9901936975673279 0.0 0.8528268023667872 0.0 0.9999999999998908 0.789944117136884 0.0
0.1 0.0 0.0 -6.457771835609274e-17 0.0 0.9965980320007347 0.0 0.8602173760180983 0.0 0.9999999999998973 0.7943369103925678 0.0
0.15000000000000002 0.0 0.0 -6.815600794996935e-17 0.0 0.9944974499551699 0.0 0.8578659165384446 0.0 0.9999999999998884 0.7917615135537093 0.0
0.2 0.0 0.0 -2.7966462551657295e-15 0.0 0.9898575587363546 0.0 0.8529015158306867 0.0 0.9999999999998931 0.7865166521389421 0.0
0.25 0.0 0.0 -4.797533629718452e-17 0.0 0.9972920884283123 0.0 0.8614938981583031 0.0 0.9999999999998899 0.7908012194273394 0.0
0.3 0.0 0.0 -2.0527266667515568e-10 0.0 0.9861978073886601 0.0 0.8491462177576773 0.0 0.9999999999998815 0.7797309019261941 0.0
0.35 0.0 0.0 -1.0482772269438672e-12 0.0 0.9936597628854106 0.0 0.858118924884204 0.0 0.9999999999999075 0.7832163819270813 0.0
0.39999999999999997 0.0 0.0 -1.603125196017366e-8 0.0 0.9876480044668838 0.0 0.8513749868751679 0.0 0.9999999999998903 0.7758396860181301 0.0
0.44999999999999996 0.0 0.0 -1.7713055229087385e-9 0.0 0.9852583693093623 0.0 0.849380461830692 0.0 0.9999999999998863 0.7705546902984913 0.0
0.49999999999999994 0.0 0.0 -7.342732484829657e-12 0.0 0.9895939393238724 0.0 0.8545528396174302 0.0 0.9999999999999213 0.7712776360676773 0.0
0.5499999999999999 0.0 0.0 -1.663372580643221e-7 0.0 0.9784452186493735 0.0 0.84236616668044 0.0 0.9999999999998789 0.7583508551192859 0.0
0.6 0.0 0.0 -2.215028164525306e-9 0.0 0.986178576985044 0.0 0.8519329036155411 0.0 0.9999999999998797 0.7613710876656755 0.0
0.65 0.0 0.0 -2.186169754664978e-6 0.0 0.9770385584784191 0.0 0.8416436056329405 0.0 0.9999999999999118 0.7501201451823792 0.0
0.7000000000000001 0.0 0.0 -1.269420437960663e-7 0.0 0.977104624886938 0.0 0.8427989325241116 0.0 0.999999999999872 0.7460952997165049 0.0
0.7500000000000001 0.0 0.0 -5.266011186249199e-6 0.0 0.978058852830158 0.0 0.8441179591389512 0.0 0.9999999999998747 0.74357318111584 0.0
0.8000000000000002 0.0 0.0 -2.1127625403997373e-6 0.0 0.9680220435416204 0.0 0.8334017410702587 0.0 0.9999999999999021 0.7305933329380823 0.0
0.8500000000000002 0.0 0.0 -4.559958416843043e-8 0.0 0.9753043277909117 0.0 0.8426028650468202 0.0 0.999999999999903 0.7334995948880134 0.0
0.9000000000000002 1.300108691868248e-6 0.0 -1.2687032422664792e-5 0.0 0.9641103807758677 0.0 0.8299499586010376 0.0 0.9999999999998758 0.7196874705392645 0.0
0.9500000000000003 0.0 0.0 -7.553130952740056e-7 0.0 0.966587628449688 0.0 0.8341108497589038 0.0 0.9999999999998863 0.718112329368065 0.0
1.0000000000000002 7.337101569054764e-6 0.0 -3.139921433619053e-5 0.0 0.9642683461762371 0.0 0.8315887625368961 0.0 0.9999999999999145 0.7126190232663332 0.0
1.0500000000000003 0.0 0.0 -6.395431047366535e-6 0.0 0.9563094584991666 0.0 0.8234120163148038 0.0 0.9999999999998691 0.701521821172685 0.0
1.1000000000000003 7.668982747211803e-6 0.0 -4.318652231289941e-5 0.0 0.9625500067318554 0.0 0.8314213327937484 0.0 0.9999999999999198 0.7041348892367042 0.0
1.1500000000000004 7.832220011310001e-6 0.0 -2.531377107165763e-5 0.0 0.9504712435407616 0.0 0.8177131046994173 0.0 0.9999999999998772 0.6893816306862613 0.0
1.2000000000000004 7.521230375252687e-6 0.0 -4.288813244898797e-5 0.0 0.9551255362965315 0.0 0.824493238156694 0.0 0.999999999999884 0.6907533759421998 0.0
1.2500000000000004 1.8323846531530642e-5 0.0 -5.651711284591044e-5 0.0 0.949905955848576 0.0 0.8184728153690041 0.0 0.9999999999999167 0.682656658246455 0.0
1.3000000000000005 1.0647145340389776e-5 0.0 -3.9474884448423505e-5 0.0 0.9447505706459928 0.0 0.8136201147935381 0.0 0.9999999999998814 0.6750121360884263 0.0
1.3500000000000005 2.379651228730379e-5 0.0 -8.738447299655882e-5 0.0 0.9494775441653045 0.0 0.8197590909332471 0.0 0.9999999999998845 0.6766954479600684 0.0
1.4000000000000006 1.863202422697699e-5 0.0 -2.8647767598982127e-5 0.0 0.9376626261818514 0.0 0.8063008499195636 0.0 0.9999999999999039 0.6627876509830274 0.0
1.4500000000000006 2.8668543791595196e-5 0.0 -9.919564365910482e-5 0.0 0.9441017994979292 0.0 0.8151250686690796 0.0 0.9999999999998959 0.6666981524477738 0.0
1.5000000000000007 2.1800123688125068e-5 0.0 -6.0953297161124033e-5 0.0 0.9365195564773375 0.0 0.8061767055525333 0.0 0.9999999999999157 0.6567535580157877 0.0
1.5500000000000007 3.006944785747632e-5 0.0 -8.024690331397584e-5 0.0 0.9346517085803637 0.0 0.8051475575025318 0.0 0.9999999999998761 0.6533144978614506 0.0
1.6000000000000008 3.1347392139606936e-5 0.0 -0.00010191106498559913 0.0 0.9374721023004411 0.0 0.8088596212667029 0.0 0.9999999999998609 0.6534768311351048 0.0
1.6500000000000008 2.6196122921095006e-5 0.0 -4.68878003239997e-5 0.0 0.9270104399712344 0.0 0.7969030758931864 0.0 0.9999999999998812 0.6419784501111979 0.0
1.7000000000000008 4.413586046862123e-5 0.0 -0.00013159684509507838 0.0 0.9346755550131676 0.0 0.807011649352896 0.0 0.9999999999999112 0.6474511896514618 0.0
1.7500000000000009 1.9187410568248176e-5 0.0 -4.583315745192716e-5 0.0 0.9254026863758897 0.0 0.7959001470789178 0.0 0.9999999999998483 0.636785192553748 0.0
1.800000000000001 4.4188630580392194e-5 0.0 -0.00010704764989455498 0.0 0.9270448698561645 0.0 0.798884403966058 0.0 0.9999999999998641 0.6374247273268309 0.0
1.850000000000001 2.5632896770956147e-5 0.0 -8.39748171681737e-5 0.0 0.927641321491306 0.0 0.7997443742791543 0.0 0.9999999999998664 0.635930427493932 0.0
1.900000000000001 2.695770044391375e-5 0.0 -5.796733896710031e-5 0.0 0.919542796393919 0.0 0.7904506053838349 0.0 0.9999999999999006 0.627810723622697 0.0
1.950000000000001 4.3419961206374354e-5 0.0 -0.00012708724278024766 0.0 0.9276937924543092 0.0 0.800897933131724 0.0 0.9999999999998911 0.63388080883246 0.0
2.000000000000001 1.1613191263597708e-5 0.0 -2.479914787648714e-5 0.0 0.9175602971842376 0.0 0.7885985515599324 0.0 0.9999999999999051 0.6236404186727275 0.0
2.0500000000000007 4.574772153292614e-5 0.0 -0.0001115721371072892 0.0 0.9226149609214985 0.0 0.7954118001505943 0.0 0.9999999999998537 0.6277342799455907 0.0
2.1000000000000005 1.4421016858014133e-5 0.0 -5.2325854313417146e-5 0.0 0.9208120669913631 0.0 0.7932061942754022 0.0 0.9999999999998631 0.6248716406254506 0.0
2.1500000000000004 2.622913123458199e-5 0.0 -5.874091592349037e-5 0.0 0.9159424845243799 0.0 0.7875559533167216 0.0 0.9999999999998833 0.6204982408916268 0.0
2.2 3.219760743056672e-5 0.0 -9.911292415994927e-5 0.0 0.9236943415056639 0.0 0.7972700294360343 0.0 0.9999999999999006 0.6265303630510115 0.0
2.25 4.93174380329493e-6 0.0 -1.789608351527847e-5 0.0 0.9137002749552169 0.0 0.7849581667221711 0.0 0.9999999999998705 0.6175982064685587 0.0
2.3 3.975005179673571e-5 0.0 -0.0001022866128552519 0.0 0.9216868891717813 0.0 0.7949867608102767 0.0 0.9999999999999082 0.6244599628229474 0.0
2.3499999999999996 6.891895724933557e-6 0.0 -2.943678627157041e-5 0.0 0.9175644161040505 0.0 0.7898284528016818 0.0 0.9999999999998757 0.6206656840996386 0.0
2.3999999999999995 2.292890884330644e-5 0.0 -5.562401597469369e-5 0.0 0.916515256142033 0.0 0.7884735101451436 0.0 0.9999999999998902 0.6200740592168353 0.0
2.4499999999999993 2.3147947328288992e-5 0.0 -7.40785630383623e-5 0.0 0.9229619309679895 0.0 0.7964035518194862 0.0 0.9999999999999191 0.6257146776195839 0.0
2.499999999999999 3.7863401701571575e-6 0.0 -1.691173053448375e-5 0.0 0.9142057102997613 0.0 0.7853525532041825 0.0 0.9999999999998581 0.6186967312304085 0.0
2.549999999999999 3.51053394132173e-5 0.0 -9.563761863453542e-5 0.0 0.9242645803709897 0.0 0.7975809913030726 0.0 0.9999999999998559 0.6277613215113542 0.0
2.5999999999999988 4.534380759079208e-6 0.0 -2.1245632152461834e-5 0.0 0.9182392951479028 0.0 0.7899731946538201 0.0 0.999999999999903 0.6234240785907696 0.0
2.6499999999999986 2.0692890898703616e-5 0.0 -5.5217265216402425e-5 0.0 0.9211812238801873 0.0 0.7930933005252576 0.0 0.9999999999998845 0.6265703451397029 0.0
2.6999999999999984 2.125299259907394e-5 0.0 -6.558816846369247e-5 0.0 0.9255798172907893 0.0 0.7983993732445787 0.0 0.9999999999998624 0.6315557535000592 0.0
2.7499999999999982 3.6509266488509345e-6 0.0 -1.7357722937059144e-5 0.0 0.9190845357136582 0.0 0.7897914081641426 0.0 0.9999999999998865 0.6269316125496476 0.0
2.799999999999998 3.455538735113236e-5 0.0 -9.744713697942394e-5 0.0 0.9300960057871026 0.0 0.8029389687510509 0.0 0.9999999999999214 0.6376967073198568 0.0
2.849999999999998 5.328348320010725e-6 0.0 -2.1669589287459218e-5 0.0 0.9228881356951174 0.0 0.7937249753434493 0.0 0.9999999999998846 0.6331364746847217 0.0
2.8999999999999977 1.9476372394672348e-5 0.0 -5.8015894888660664e-5 0.0 0.9295026166563318 0.0 0.8009710154788785 0.0 0.9999999999999104 0.6399809461651876 0.0
2.9499999999999975 2.2995836835489118e-5 0.0 -6.557475385901496e-5 0.0 0.931422699503205 0.0 0.8031684248406835 0.0 0.9999999999998938 0.643987372382088 0.0
2.9999999999999973 3.6976538484430377e-6 0.0 -1.8344730693541093e-5 0.0 0.9279314792731145 0.0 0.7978907537936932 0.0 0.9999999999998594 0.6422580038590116 0.0
3.049999999999997 3.325115539634636e-5 0.0 -9.767820378008328e-5 0.0 0.9387143031351 0.0 0.8106128409560551 0.0 0.9999999999998977 0.6541026121226605 0.0
3.099999999999997 6.378867328388602e-6 0.0 -2.2850639661503778e-5 0.0 0.9311898724278094 0.0 0.8008186700564451 0.0 0.9999999999998934 0.6496759240049313 0.0
3.149999999999997 1.644683927749774e-5 0.0 -5.675991095260469e-5 0.0 0.9407325114725137 0.0 0.8113750999051234 0.0 0.9999999999998939 0.6600718479504148 0.0
3.1999999999999966 2.1437113729006645e-5 0.0 -6.041768529054611e-5 0.0 0.940083855033535 0.0 0.8103703759837185 0.0 0.9999999999998894 0.6626876245115847 0.0
3.2499999999999964 2.7276153931684005e-6 0.0 -1.7125849786400993e-5 0.0 0.9399327938603034 0.0 0.8088815350231338 0.0 0.9999999999999079 0.6643982402763322 0.0
3.2999999999999963 2.4778705068507883e-5 0.0 -8.136431684647786e-5 0.0 0.9494187690091478 0.0 0.819954425852012 0.0 0.9999999999998636 0.6763911970087751 0.0
3.349999999999996 4.744515418376347e-6 0.0 -1.9393863511715388e-5 0.0 0.9423948909229765 0.0 0.8105933867987938 0.0 0.9999999999998596 0.6726283794317628 0.0
3.399999999999996 9.166755496402612e-6 0.0 -4.22074381540698e-5 0.0 0.9538472579436384 0.0 0.8233278931429056 0.0 0.9999999999999389 0.6860383427125644 0.0
3.4499999999999957 1.345560330016598e-5 0.0 -4.2547565350810116e-5 0.0 0.9507918530796345 0.0 0.8193467208107157 0.0 0.9999999999998684 0.6868892503564199 0.0
3.4999999999999956 3.8141824988865867e-7 0.0 -1.113490921637178e-5 0.0 0.9539088291121853 0.0 0.8216574718989818 0.0 0.9999999999998535 0.6924156155753608 0.0
3.5499999999999954 9.770995594748646e-6 0.0 -4.4767236299994234e-5 0.0 0.9612204768525914 0.0 0.8300817411409196 0.0 0.9999999999998378 0.7032567264572124 0.0
3.599999999999995 6.780075556471827e-7 0.0 -1.1304741292618632e-5 0.0 0.9553383469310684 0.0 0.8220090915084619 0.0 0.9999999999998344 0.7008640308007451 0.0
3.649999999999995 7.580833016533401e-7 0.0 -1.4212118811454055e-5 0.0 0.9675559901801983 0.0 0.8356353924470558 0.0 0.9999999999998865 0.7160390609037542 0.0
3.699999999999995 3.1903327904489613e-6 0.0 -1.863555523969327e-5 0.0 0.9623928472858663 0.0 0.8291080845919434 0.0 0.9999999999998413 0.7149954380514969 0.0
3.7499999999999947 0.0 0.0 -2.13775975432981e-6 0.0 0.9683808658120238 0.0 0.8348551480162626 0.0 0.9999999999998619 0.724085953229243 0.0
3.7999999999999945 0.0 0.0 -6.281889490674656e-6 0.0 0.972829810222357 0.0 0.8398755805821405 0.0 0.9999999999998456 0.7323142524870117 0.0
3.8499999999999943 0.0 0.0 -3.765764738533239e-6 0.0 0.9685330767787348 0.0 0.83374242325785 0.0 0.9999999999999172 0.7318561775252905 0.0
3.899999999999994 0.0 0.0 -5.74448250270529e-8 0.0 0.9803375537227518 0.0 0.8469348020085536 0.0 0.9999999999998523 0.746790484585418 0.0
3.949999999999994 0.0 0.0 -2.79985468227737e-6 0.0 0.9734468224988287 0.0 0.8384244560751987 0.0 0.9999999999998312 0.7440156881311325 0.0
3.999999999999994 0.0 0.0 -2.5284618363114327e-7 0.0 0.9816792234417652 0.0 0.8469677183942187 0.0 0.9999999999999761 0.7554131593036173 0.0
4.049999999999994 0.0 0.0 -4.9592755613133196e-9 0.0 0.982760002438554 0.0 0.848071709216636 0.0 0.9999999999998495 0.7598011644670117 0.0
4.099999999999993 0.0 0.0 -5.263194246393714e-7 0.0 0.9803419616372525 0.0 0.8443532451237772 0.0 0.999999999999846 0.7612004094858256 0.0
4.149999999999993 0.0 0.0 -3.647708755200464e-9 0.0 0.9905739669589942 0.0 0.8558127256192932 0.0 0.9999999999999366 0.7735965304737474 0.0
4.199999999999993 0.0 0.0 -9.278343980258131e-9 0.0 0.9824434546017976 0.0 0.8460215418734673 0.0 0.9999999999998734 0.7693088993025341 0.0
4.249999999999993 0.0 0.0 -1.6719404694477485e-8 0.0 0.9921279123847381 0.0 0.8565079840302249 0.0 0.9999999999998773 0.7809702775969908 0.0
4.299999999999993 0.0 0.0 -3.141851880956382e-10 0.0 0.9895682561232564 0.0 0.8534706434277542 0.0 0.9999999999998532 0.7808166486087973 0.0
4.3499999999999925 0.0 0.0 -3.9117042594302243e-8 0.0 0.989220923488341 0.0 0.8524961330279055 0.0 0.9999999999999061 0.7832484218731375 0.0
4.399999999999992 0.0 0.0 -2.3711773453262523e-12 0.0 0.9968060442538826 0.0 0.8610204914290396 0.0 0.9999999999999148 0.7912648454631703 0.0
4.449999999999992 0.0 0.0 -1.9595274641788962e-8 0.0 0.9880955643131495 0.0 0.8508318719054256 0.0 0.9999999999999134 0.7855532092947396 0.0
4.499999999999992 0.0 0.0 -4.816432787725073e-10 0.0 0.9983089179351337 0.0 0.8622247646945503 0.0 0.9999999999999197 0.7954831321983269 0.0
4.549999999999992 0.0 0.0 -9.621358918477391e-10 0.0 0.9921793436614362 0.0 0.8552112589829436 0.0 0.9999999999999424 0.7907096854923957 0.0
4.599999999999992 0.0 0.0 -1.0752715443397249e-8 0.0 0.993989703869638 0.0 0.8571362521216411 0.0 0.9999999999999144 0.7931626244384825 0.0
4.6499999999999915 0.0 0.0 -5.564787028441723e-9 0.0 0.9980557631031772 0.0 0.8617438344085536 0.0 0.9999999999998908 0.7959417680014564 0.0
4.699999999999991 0.0 0.0 -2.8524048238039082e-8 0.0 0.9896172604790214 0.0 0.8522140646632981 0.0 0.9999999999999067 0.7889654546088282 0.0
4.749999999999991 0.0 0.0 -1.4856808777833137e-8 0.0 0.9993467327645271 0.0 0.863335450029096 0.0 0.9999999999998618 0.7959956780487303 0.0
4.799999999999991 0.0 0.0 -3.7660110042386875e-8 0.0 0.9901674880911758 0.0 0.852996673041333 0.0 0.9999999999998567 0.7871543325041904 0.0
4.849999999999991 0.0 0.0 -2.527330064687598e-8 0.0 0.9940518151427155 0.0 0.8577195152383386 0.0 0.9999999999998382 0.7891139318327896 0.0
4.899999999999991 0.0 0.0 -3.9481381390829466e-8 0.0 0.9940905890432844 0.0 0.8578220426196136 0.0 0.9999999999998281 0.7868166604061768 0.0
4.94999999999999 0.0 0.0 -3.4049502307049044e-8 0.0 0.9868773009991675 0.0 0.8500611355506388 0.0 0.9999999999998624 0.7791205933271516 0.0
4.99999999999999 0.0 0.0 -3.9591113771840244e-8 0.0 0.9951124400789427 0.0 0.8597001331239396 0.0 0.9999999999999022 0.7830653131537292 0.0
5.04999999999999 0.0 0.0 -4.041345892402073e-8 0.0 0.9838630245603747 0.0 0.847166496069966 0.0 0.9999999999998471 0.7712325851267658 0.0
5.09999999999999 0.0 0.0 -3.967164742154181e-8 0.0 0.989492851831339 0.0 0.8542554891105196 0.0 0.9999999999998828 0.7728699675685871 0.0
5.14999999999999 0.0 0.0 -4.4080915606859824e-8 0.0 0.9855006083700819 0.0 0.849808475610337 0.0 0.9999999999998617 0.766308597108222 0.0
5.1999999999999895 0.0 0.0 -4.0572779319636467e-8 0.0 0.980374962274091 0.0 0.8447729307480631 0.0 0.9999999999998772 0.7588627101012491 0.0
5.249999999999989 0.0 0.0 -4.5011419682170084e-8 0.0 0.9862597884493701 0.0 0.851862212356523 0.0 0.9999999999999073 0.7601164995586764 0.0
5.299999999999989 0.0 0.0 -1.6991061327116213e-7 0.0 0.9742345104722234 0.0 0.8385871793659524 0.0 0.9999999999998769 0.7466666099239936 0.0
5.349999999999989 0.0 0.0 -4.349636169803411e-8 0.0 0.9810360651130964 0.0 0.8472955327731023 0.0 0.9999999999998872 0.7485314189590196 0.0
5.399999999999989 0.0 0.0 -1.6801539241573431e-6 0.0 0.9735418645022837 0.0 0.8388359006744536 0.0 0.9999999999998479 0.7387174427977024 0.0
5.449999999999989 0.0 0.0 -1.566394540402717e-7 0.0 0.9710809395527832 0.0 0.8371309744375105 0.0 0.9999999999998682 0.7326978077655748 0.0
5.4999999999999885 0.0 0.0 -1.5524831145784874e-6 0.0 0.9740685347946729 0.0 0.8409278276729214 0.0 0.9999999999998557 0.731704598547238 0.0
5.549999999999988 0.0 0.0 -2.4241779955369735e-6 0.0 0.9626239494851736 0.0 0.8284277412126331 0.0 0.9999999999999414 0.7181101701471369 0.0
5.599999999999988 0.0 0.0 -7.164445140591368e-8 0.0 0.9698798281978951 0.0 0.8378157687902834 0.0 0.9999999999999357 0.7206711458055871 0.0
5.649999999999988 1.7092100224177747e-6 0.0 -1.347454137214627e-5 0.0 0.9598236291800786 0.0 0.8263497589777726 0.0 0.99999999999984 0.7085731943834375 0.0
5.699999999999988 0.0 0.0 -1.1525264385012755e-6 0.0 0.9602316431585889 0.0 0.8281399686886493 0.0 0.9999999999998765 0.7050770728820472 0.0
5.749999999999988 6.217666789125678e-6 0.0 -2.896557484336588e-5 0.0 0.9601540368767576 0.0 0.8283263966032247 0.0 0.9999999999999307 0.7020137841665152 0.0
5.799999999999987 0.0 0.0 -9.067902435283066e-6 0.0 0.950473176542401 0.0 0.8179296985198099 0.0 0.9999999999999847 0.6897675829470533 0.0
5.849999999999987 3.49985302426852e-6 0.0 -2.8783162838689603e-5 0.0 0.957464730166653 0.0 0.8270359895534928 0.0 0.9999999999999183 0.6930512023621038 0.0
5.899999999999987 1.3292693005132352e-5 0.0 -3.564593138610194e-5 0.0 0.945988288914688 0.0 0.8138279381757278 0.0 0.9999999999998457 0.6796534278850004 0.0
5.949999999999987 1.6128938370467903e-6 0.0 -2.0379775354042844e-5 0.0 0.949136963267039 0.0 0.818880917021226 0.0 0.9999999999998912 0.6794088476682324 0.0
5.999999999999987 2.535881640802377e-5 0.0 -7.333719007369399e-5 0.0 0.9461597743237777 0.0 0.8155421971804971 0.0 0.999999999999943 0.6742204555958067 0.0
6.0499999999999865 8.979614862987016e-6 0.0 -2.7319663864369365e-5 0.0 0.9391308056150147 0.0 0.8082470896972692 0.0 0.9999999999999566 0.6647661980591684 0.0
6.099999999999986 2.668316536218161e-5 0.0 -9.847877874835819e-5 0.0 0.9452334045211072 0.0 0.8162181984692535 0.0 0.9999999999999267 0.668225553824019 0.0
6.149999999999986 3.269789394393484e-5 0.0 -5.104091339398122e-5 0.0 0.933495531377059 0.0 0.8025858005298592 0.0 0.9999999999998841 0.6547335688446143 0.0
6.199999999999986 2.6713957005915574e-5 0.0 -9.911001215314175e-5 0.0 0.9390207449360533 0.0 0.8103856626819141 0.0 0.9999999999998664 0.6578129865235612 0.0
6.249999999999986 4.4437830203546454e-5 0.0 -9.858399940465605e-5 0.0 0.933537018710332 0.0 0.803908087338597 0.0 0.9999999999998387 0.6505572771928002 0.0
6.299999999999986 3.9958636746218116e-5 0.0 -9.158009377024365e-5 0.0 0.929744942674412 0.0 0.800362432038547 0.0 0.9999999999999213 0.6450425816139546 0.0
6.349999999999985 4.788481188756801e-5 0.0 -0.00014435063105562338 0.0 0.9344464670371347 0.0 0.8064955482406858 0.0 0.9999999999998982 0.6477751743468997 0.0
6.399999999999985 6.026177644799465e-5 0.0 -7.30129725117332e-5 0.0 0.923528379535522 0.0 0.7936919668349212 0.0 0.999999999999826 0.6356459055319126 0.0
6.449999999999985 6.0743663320291805e-5 0.0 -0.0001710682890058403 0.0 0.9309017400857049 0.0 0.8035309939162643 0.0 0.9999999999997753 0.6413626328706825 0.0
6.499999999999985 5.6932446970985373e-5 0.0 -8.994362466809967e-5 0.0 0.9234460796574846 0.0 0.794506237009658 0.0 0.9999999999998672 0.6325830150621653 0.0
6.549999999999985 7.764583605197382e-5 0.0 -0.00015948698762296865 0.0 0.9232067510203255 0.0 0.7950402549808627 0.0 0.9999999999999284 0.6314922860453496 0.0
6.5999999999999845 5.202107157668904e-5 0.0 -0.0001440300673627374 0.0 0.9260878824026396 0.0 0.7987731225527562 0.0 0.9999999999997765 0.6327513999453356 0.0
6.649999999999984 8.383922376418393e-5 0.0 -0.00011724243213238021 0.0 0.9169741059086034 0.0 0.7879525561370028 0.0 0.9999999999999154 0.6233587496984243 0.0
6.699999999999984 7.854991190765275e-5 0.0 -0.00020295007342338632 0.0 0.9255226471868603 0.0 0.7989630955820498 0.0 0.999999999999872 0.6305731824942654 0.0
6.749999999999984 5.5899729179685865e-5 0.0 -5.7929076616001325e-5 0.0 0.9167475212582651 0.0 0.7881562726264355 0.0 0.9999999999999823 0.6213041770928542 0.0
6.799999999999984 0.00010615306016028807 0.0 -0.0002039186146158542 0.0 0.9201151811519352 0.0 0.7927872865504418 0.0 0.9999999999998671 0.6243503126970035 0.0
6.849999999999984 3.818229092501915e-5 0.0 -0.00010360513876808595 0.0 0.9208510943878655 0.0 0.7937077661728095 0.0 0.9999999999999397 0.6239474745021957 0.0
6.8999999999999835 9.63150418889667e-5 0.0 -0.0001475236034896634 0.0 0.9144235052619798 0.0 0.7859047259605708 0.0 0.999999999999939 0.618166394145379 0.0
6.949999999999983 6.91550968321902e-5 0.0 -0.0001827453280457421 0.0 0.9233278199159671 0.0 0.7970679655132035 0.0 0.9999999999998387 0.6258314294298966 0.0
6.999999999999983 4.66318705822978e-5 0.0 -6.525264588016102e-5 0.0 0.9140253529567245 0.0 0.7854324568753542 0.0 0.9999999999999324 0.6172182670918195 0.0
7.049999999999983 0.00011185163537788599 0.0 -0.00021338748023059324 0.0 0.9207510546898747 0.0 0.7938176391209257 0.0 0.9999999999999368 0.6236680279864436 0.0
7.099999999999983 1.7158305392289193e-5 0.0 -4.970889045754068e-5 0.0 0.9191693906281345 0.0 0.791734882155477 0.0 0.9999999999998389 0.6219280494848922 0.0
7.149999999999983 9.822818533361053e-5 0.0 -0.00015722705483938414 0.0 0.9161524581238922 0.0 0.7877866751704222 0.0 0.9999999999998815 0.620058713608436 0.0
7.199999999999982 4.374738895512424e-5 0.0 -0.0001274641365880867 0.0 0.9244801720794066 0.0 0.7979880719138074 0.0 0.9999999999997632 0.6275323107691269 0.0
7.249999999999982 3.4964585751692335e-5 0.0 -6.248253747331485e-5 0.0 0.9155893701349431 0.0 0.7866539304903677 0.0 0.9999999999998884 0.6204810836657335 0.0
7.299999999999982 0.00010080478716874747 0.0 -0.00019672963759626805 0.0 0.9250639548103895 0.0 0.7980395608940463 0.0 0.9999999999998478 0.6295776123086315 0.0
7.349999999999982 2.732999084668477e-6 0.0 -1.562081951937568e-5 0.0 0.9212429447170655 0.0 0.793088148475016 0.0 0.9999999999998138 0.6270166469856933 0.0
7.399999999999982 8.382537011928013e-5 0.0 -0.0001452517803365105 0.0 0.9220798426879944 0.0 0.793490752790943 0.0 0.999999999999841 0.6290224069211521 0.0
7.4499999999999815 2.44344793933523e-5 0.0 -7.912939018203331e-5 0.0 0.9288959177864855 0.0 0.801658654161866 0.0 1.0000000000000064 0.6359959153100101 0.0
7.499999999999981 1.9903064953807292e-5 0.0 -4.417199473700062e-5 0.0 0.9214281580258191 0.0 0.7918270976681885 0.0 0.9999999999998828 0.6311115805743213 0.0
7.549999999999981 8.629696256148111e-5 0.0 -0.0001746145632403089 0.0 0.9326812045720183 0.0 0.8050734038017632 0.0 0.9999999999999453 0.6422464777735796 0.0
7.599999999999981 0.0 0.0 -6.192511893933525e-6 0.0 0.9270185482387355 0.0 0.7977676800587004 0.0 0.9999999999998298 0.6393196214218416 0.0
7.649999999999981 5.576102040945103e-5 0.0 -0.00011045942694067839 0.0 0.9317256918163669 0.0 0.8025315104576477 0.0 0.9999999999999599 0.6450628232574813 0.0
7.699999999999981 2.0678661003066113e-5 0.0 -6.33545620582906e-5 0.0 0.9362613431311708 0.0 0.8078195735056806 0.0 0.9999999999998996 0.651319924142288 0.0
7.7499999999999805 3.5565924268412996e-6 0.0 -1.7290032393248212e-5 0.0 0.9311258552158043 0.0 0.8005669680217851 0.0 0.9999999999999258 0.6490207469234623 0.0
7.79999999999998 7.051692845335112e-5 0.0 -0.00014875569950476166 0.0 0.9429352010157103 0.0 0.8142849711180391 0.0 0.9999999999997352 0.6616359250013973 0.0
7.84999999999998 0.0 0.0 -7.398447943143413e-6 0.0 0.9361086459131148 0.0 0.8054575731704438 0.0 0.9999999999998126 0.6586611708413096 0.0
7.89999999999998 2.170045085473278e-5 0.0 -5.752766330150327e-5 0.0 0.9442040065153404 0.0 0.8140533665319114 0.0 0.9999999999997516 0.6679468868567885 0.0
7.94999999999998 2.7239618711955033e-5 0.0 -6.936743904153588e-5 0.0 0.945999238672392 0.0 0.8159789944158636 0.0 0.9999999999997138 0.6731478344392587 0.0
7.99999999999998 0.0 0.0 -9.327882811351738e-7 0.0 0.9437974456677372 0.0 0.8120501879051306 0.0 0.9999999999999398 0.6737585426043909 0.0
8.04999999999998 4.6434829729342866e-5 0.0 -0.00010650343779775971 0.0 0.9548854029264252 0.0 0.8248092165330168 0.0 0.9999999999999779 0.6870976768854429 0.0
8.09999999999998 1.3562634505200713e-6 0.0 -1.287676203602127e-5 0.0 0.947694797529248 0.0 0.8154452087791759 0.0 0.999999999999882 0.6842842997706173 0.0
8.14999999999998 0.0 0.0 -6.121624347837301e-6 0.0 0.9582642586091045 0.0 0.8268804604650479 0.0 0.9999999999999013 0.6966819017253428 0.0
8.199999999999982 3.121109372866912e-5 0.0 -6.981379501728401e-5 0.0 0.9572000960107208 0.0 0.8253572412666701 0.0 0.9999999999997382 0.7002440632563608 0.0
8.249999999999982 0.0 0.0 -1.3352667973903891e-6 0.0 0.9581033612766209 0.0 0.8250429090953286 0.0 0.9999999999998962 0.7039438514426647 0.0
8.299999999999983 1.6883631469916647e-5 0.0 -4.9822921488761224e-5 0.0 0.9673252295549183 0.0 0.8355670409976481 0.0 0.9999999999999489 0.7167767091140315 0.0
8.349999999999984 5.496314840091939e-6 0.0 -2.0320265722196076e-5 0.0 0.960503984310107 0.0 0.8266127382568701 0.0 0.9999999999999042 0.7142742785003231 0.0
8.399999999999984 0.0 0.0 -5.661693125935382e-8 0.0 0.9723749669481233 0.0 0.83960678634332 0.0 0.9999999999998431 0.7287803401734803 0.0
8.449999999999985 2.4068793044665524e-5 0.0 -5.287552601138528e-5 0.0 0.9685989254778417 0.0 0.8348780998498248 0.0 0.9999999999996949 0.7299201294506767 0.0
8.499999999999986 0.0 0.0 -2.848634807314335e-6 0.0 0.972370253219167 0.0 0.8380230001925626 0.0 0.9999999999998774 0.7365134760504474 0.0
8.549999999999986 0.0 0.0 -9.401474419173522e-6 0.0 0.9788195397031902 0.0 0.8453134672004371 0.0 1.0000000000000226 0.7470474826700896 0.0
8.599999999999987 7.4421187043723976e-6 0.0 -2.2767655330677498e-5 0.0 0.9729274145809574 0.0 0.8375510655460502 0.0 0.9999999999999769 0.7449710417666707 0.0
8.649999999999988 0.0 0.0 -8.462936634326594e-10 0.0 0.9848574005871246 0.0 0.8507320718893665 0.0 0.9999999999998422 0.7597617503222324 0.0
8.699999999999989 1.2352767157742776e-5 0.0 -3.085214814529888e-5 0.0 0.9786894334502252 0.0 0.8432722406921038 0.0 1.0 0.7577867967839429 0.0
8.74999999999999 0.0 0.0 -7.549253782429146e-6 0.0 0.9848096243623206 0.0 0.8493871441135858 0.0 1.0000000000000229 0.7664370143905278 0.0
8.79999999999999 0.0 0.0 -8.39158773490578e-6 0.0 0.9878477929848629 0.0 0.8527644430546102 0.0 0.9999999999999215 0.7727138736708802 0.0
8.84999999999999 5.599700641732023e-6 0.0 -1.9135897997113148e-5 0.0 0.9832829912281342 0.0 0.8467944867186706 0.0 0.9999999999997615 0.771127905777614 0.0
8.899999999999991 0.0 0.0 -5.857182779515826e-6 0.0 0.9940952046592456 0.0 0.8588477704771463 0.0 0.999999999999826 0.7838194692197357 0.0
8.949999999999992 5.828681581325511e-6 0.0 -1.9555847854705496e-5 0.0 0.985994725531523 0.0 0.8493058773436457 0.0 0.9999999999998351 0.7785734839410605 0.0
8.999999999999993 5.214869065075658e-7 0.0 -1.0846835817544203e-5 0.0 0.9938028365319128 0.0 0.857701523195034 0.0 0.9999999999998934 0.7878228153455226 0.0
9.049999999999994 1.4713308197070437e-6 0.0 -1.2487714585398108e-5 0.0 0.9930731303017921 0.0 0.8568152058707236 0.0 0.999999999999918 0.7885540647399412 0.0
9.099999999999994 3.419302209236908e-6 0.0 -1.5450239279593355e-5 0.0 0.9901501029570691 0.0 0.8531084106385314 0.0 0.9999999999998223 0.7874250118858571 0.0
9.149999999999995 4.924637483108261e-7 0.0 -1.0776746437641773e-5 0.0 0.9988100800162716 0.0 0.8628588337825146 0.0 0.9999999999999231 0.795935107240052 0.0
9.199999999999996 3.6449704408321245e-6 0.0 -1.58572537691791e-5 0.0 0.9894102917189049 0.0 0.852066524952077 0.0 0.999999999999863 0.787999608574475 0.0
9.249999999999996 1.3870215861781196e-6 0.0 -1.2225783869021264e-5 0.0 0.9981889628944595 0.0 0.8619355403924895 0.0 0.9999999999998723 0.7962673224146717 0.0
9.299999999999997 2.4492202170002204e-6 0.0 -1.3940806116863637e-5 0.0 0.9936572647144546 0.0 0.8567950494079624 0.0 0.9999999999999094 0.7914379822594524 0.0
9.349999999999998 2.461251851284576e-6 0.0 -1.3914132329092185e-5 0.0 0.9926603068082485 0.0 0.8557272035903426 0.0 0.9999999999998906 0.7906560152057948 0.0
9.399999999999999 1.7419437448183502e-6 0.0 -1.2869689043633308e-5 0.0 0.9983259274584514 0.0 0.8621930197605577 0.0 0.9999999999998599 0.7940300043928733 0.0
9.45 2.859078289677389e-6 0.0 -1.4505308387806002e-5 0.0 0.9884754916404426 0.0 0.851186040059569 0.0 0.9999999999998248 0.7844830552553602 0.0
9.5 1.868641587077459e-6 0.0 -1.2953864059928099e-5 0.0 0.9974671378933352 0.0 0.8616197600757051 0.0 0.9999999999997865 0.7907217854807134 0.0
9.55 2.609010377327442e-6 0.0 -1.4109103747073957e-5 0.0 0.9894855199564643 0.0 0.8526539724696485 0.0 0.9999999999997601 0.7814213844269327 0.0
9.600000000000001 2.256528919330341e-6 0.0 -1.3576307429192604e-5 0.0 0.9906360617660704 0.0 0.8544606139211119 0.0 0.9999999999999551 0.7809593987560665 0.0
9.650000000000002 2.190968573029792e-6 0.0 -1.3490103134681664e-5 0.0 0.992719875567308 0.0 0.8569289769401333 0.0 0.9999999999997917 0.7794622315607727 0.0
9.700000000000003 2.599769771181548e-6 0.0 -1.4201474653799948e-5 0.0 0.9834549750400291 0.0 0.8469028831142204 0.0 0.9999999999998427 0.7695041438380164 0.0
9.750000000000004 2.035969316899511e-6 0.0 -1.3241081237426394e-5 0.0 0.9918511568458884 0.0 0.8568943183485752 0.0 0.9999999999998684 0.7734550162582632 0.0
9.800000000000004 2.726566841712979e-6 0.0 -1.4324236279360107e-5 0.0 0.9811990713399658 0.0 0.8449913648989461 0.0 0.999999999999959 0.761241632277118 0.0
9.850000000000005 2.2146819588586794e-6 0.0 -1.3578199211831245e-5 0.0 0.9845426069144676 0.0 0.8496530424672115 0.0 0.999999999999926 0.7612868677248651 0.0
9.900000000000006 2.4391806660862773e-6 0.0 -1.3947730136999926e-5 0.0 0.9828033373743625 0.0 0.8477914208691071 0.0 0.999999999999739 0.7558671477582801 0.0
9.950000000000006 2.773735255761983e-6 0.0 -1.4473048041847898e-5 0.0 0.9752078108315994 0.0 0.839948204103289 0.0 0.9999999999997943 0.7466122670992691 0.0
10.000000000000007 2.079048009145551e-6 0.0 -1.3379465493876879e-5 0.0 0.9821818799090317 0.0 0.8484512476864494 0.0 0.9999999999999468 0.7485503721822164 0.0
