0.0 0.0 0.0 0.0 0.0 0.9999999999999313 0.0 0.8639310172206912 0.0 0.9999999999999417 0.7978845608028653 0.0
0.05 0.0 0.0 -3.842415761660554e-17 0.0 0.9823718035041438 0.0 0.8439656173084329 0.0 0.9999999999999079 0.7837503290524557 0.0
0.1 0.0 0.0 -5.993684902328987e-17 0.0 0.9487257900622712 0.0 0.8063501992434895 0.0 0.9999999999999032 0.7561065576078312 0.0
0.15000000000000002 0.0 0.0 -9.350405822671765e-17 0.0 0.9348861481410471 0.0 0.7922652335182665 0.0 0.9999999999998953 0.7430127060962652 0.0
0.2 0.0 0.0 -5.654370696779248e-17 0.0 0.9526596811100625 0.0 0.8145007669322849 0.0 0.9999999999998875 0.7549042089662694 0.0
0.25 0.00012639739468580982 0.0 -0.0003877527006366053 0.0 0.976813649698737 0.0 0.8430814162670355 0.0 0.9999999999998926 0.7728947189823663 0.0
0.3 0.0006833025553589068 0.0 -0.0010852166873387195 0.0 0.9740304054377689 0.0 0.8399894822187458 0.0 0.9999999999998951 0.7694343106422188 0.0
0.35 0.0005973455143163832 0.0 -0.0008456761807320373 0.0 0.9404308671316829 0.0 0.8025862267924714 0.0 0.9999999999998624 0.7389544066932167 0.0
0.39999999999999997 0.00029712634030532 0.0 -0.0004216181959462321 0.0 0.9053056225265808 0.0 0.7660373588074306 0.0 0.9999999999998953 0.7046512227905884 0.0
0.44999999999999996 0.00014847280367075063 0.0 -0.00021190310772885914 0.0 0.8977484601856869 0.0 0.7628191456612112 0.0 0.999999999999879 0.6932909311811288 0.0
0.49999999999999994 0.0014413746160750313 0.0 -0.0026421321918992874 0.0 0.9145934760674203 0.00012761032802407818 0.7861997751725288 0.0 0.9999999999998768 0.705371994596302 0.0
0.5499999999999999 0.0034785940706786958 0.0 -0.00474270699991966 0.0 0.9247217720033981 0.00026767864796713956 0.7988169201430667 0.0 0.999999999999889 0.7140577573339257 6.198492796539832e-5
0.6 0.003549188257202828 0.0 -0.004244579258913479 0.0 0.9041922933230094 8.816953769829068e-5 0.7754111202321332 0.0 0.9999999999998773 0.6947750441998897 0.00017723799933666646
0.65 0.002525329603045543 0.0 -0.002767020979468916 0.0 0.862976310333606 0.0 0.7307962082851711 0.0 0.9999999999999096 0.6529261431484572 0.0
0.7000000000000001 0.0018969156603832866 0.0 -0.001450594287413176 0.0 0.8323246839765948 1.9047147251507983e-5 0.7023135890142344 0.0 0.9999999999998679 0.6194807199439568 0.0
0.7500000000000001 0.0029126116296761956 0.0 -0.003004153770446356 0.0 0.8305801737549104 0.00037189086722142536 0.7077626527202535 0.0 0.9999999999998629 0.6156419519801114 0.0
0.8000000000000002 0.005849821119331799 0.0 -0.006459070555910183 0.0 0.8435057793664075 0.0010931598732604486 0.7262561928700312 0.0 0.9999999999998842 0.6293396948522875 0.00010792492337467367
0.8500000000000002 0.006939628741661496 0.0 -0.007007817726944173 0.0 0.8396841003507273 0.0007654102472108869 0.7224457973859936 0.0 0.9999999999998798 0.6287287663284293 0.0009745986630093716
0.9000000000000002 0.005560806432358325 0.0 -0.0052131364899341975 0.0 0.8073353802976719 0.00011581797083049724 0.6860478838448163 0.0 0.9999999999998721 0.595339389381307 0.00014769076206127462
0.9500000000000003 0.004648649996942038 0.0 -0.0034108136213242568 0.0 0.7655359408113244 5.7715717960094146e-5 0.6426659195724137 0.0 0.9999999999998754 0.5506673797233397 0.0
1.0000000000000002 0.00517827273221602 0.0 -0.0031650273587667515 0.0 0.7425090348827617 0.0005145566170116119 0.6247677993495528 0.0 0.9999999999998395 0.5270980359277688 0.0
1.0500000000000003 0.00805700170128869 2.4852382723185003e-6 -0.00539505722784192 -0.0006068805789260212 0.7463795225119684 0.0021822277362639436 0.6357470043471638 1.7805693286929704e-6 0.999999999999841 0.5337320171437063 0.0
1.1000000000000003 0.010869384735683938 0.00029041284859320686 -0.008134465447786064 -0.005316083691824191 0.7545741211158452 0.003492344551347759 0.6470005455910967 0.00022655531044293663 0.9999999999998485 0.5473137918032173 0.0017635652146788675
1.1500000000000004 0.00888418135612157 8.134735766347722e-5 -0.006770762517842174 -0.0024463631918797066 0.7381744385747547 0.0014027082666714667 0.6293490109632527 6.293086267789472e-5 0.9999999999998802 0.5337489430736108 0.0017980509249172479
1.2000000000000004 0.006223645819069775 0.0 -0.004554647781754518 0.0 0.699037571186727 8.442361832183689e-5 0.5866260528488348 0.0 0.9999999999998436 0.4917531865855681 0.0
1.2500000000000004 0.006957451898377271 0.0 -0.0034813869684722437 0.0 0.6615284012026313 0.00043875525273136403 0.5499458045755332 0.0 0.9999999999998525 0.4542300203790091 0.0
1.3000000000000005 0.01065537602707784 6.44041076027451e-5 -0.007544572100024685 -0.002440836760496298 0.6487620876572872 0.0024107750184368055 0.5433981762423212 4.954618057287189e-5 0.9999999999998705 0.4453319343473972 0.0
1.3500000000000005 0.017164109386714685 0.0025459290978021736 -0.011631248552643452 -0.011194354352993867 0.6597608875605846 0.0076153887238669055 0.559421550066229 0.0021713395374049565 0.9999999999999019 0.45913345170067926 0.0007821312922049133
1.4000000000000006 0.01871362472897898 0.004594465045742217 -0.011833441276265498 -0.011833441276265498 0.6626030123328435 0.009337166215451286 0.5635256708124943 0.004094902785354491 0.9999999999998678 0.4669771443161906 0.004565121113353013
1.4500000000000006 0.01072339755609865 0.0018500775938708445 -0.005837489912901126 -0.005445743588457369 0.6331454563326482 0.003117904683267091 0.5328567313045788 0.0017052784614993986 0.9999999999999156 0.44021591977405117 0.0021701619225847507
1.5000000000000007 0.007564525365812267 0.0 -0.0035546938495798286 0.0 0.5903402823614103 0.00021121160959581786 0.48793800440668744 0.0 0.9999999999998935 0.3986342823870775 0.0
1.5500000000000007 0.013111018027426483 0.00012176794984288244 -0.009570428949044725 -0.003252860254758931 0.5618269576393314 0.0018892220281622495 0.4620965993906124 9.897487389660077e-5 0.9999999999998961 0.3741075839379382 0.0
1.6000000000000008 0.024344482612537587 0.004102250750866278 -0.0178449232202424 -0.015100891423727069 0.5641922331691451 0.009246055341789322 0.4699613624535565 0.003809704621708154 0.9999999999999253 0.37687136034000585 0.0
1.6500000000000008 0.0343411985753466 0.01116880493020796 -0.023537515758168894 -0.023259633240478497 0.5814048563082554 0.018907793997263014 0.4904292740820998 0.010763458665599442 0.999999999999938 0.3944790178477877 0.005609329777560146
1.7000000000000008 0.0309738056566728 0.010705367298884823 -0.021652045811091696 -0.021614109392963234 0.5731106939532388 0.016913991772905135 0.48232466954321307 0.010630718712643063 0.9999999999999306 0.39040892681713824 0.007359754071427459
1.7500000000000009 0.019462613664649884 0.003970493985088632 -0.015007741262482293 -0.014996211084791005 0.5321826929607711 0.006431896551178991 0.4400880757761792 0.00414869197821314 0.9999999999998984 0.3536383162225374 3.377849768798497e-5
1.800000000000001 0.022026669273637556 0.002484063844634764 -0.0146253790222202 -0.013185611873963927 0.4932927136700434 0.004833339512965843 0.40020664264029127 0.0025631878729043553 0.9999999999999232 0.32122957684484477 0.0
1.850000000000001 0.035920296418524574 0.006253590637084195 -0.025320779605527026 -0.021721334327379587 0.48109559007318303 0.011698760689037656 0.39164741698956546 0.006574902957665081 0.9999999999999488 0.3090789529965743 0.0
1.900000000000001 0.05323564493483359 0.015888447242300947 -0.036226520432095524 -0.033853449721998594 0.49833100867517394 0.025375720112243767 0.41421522284373097 0.016611536936995918 0.9999999999999326 0.3229474614683594 0.005563047906325519
1.950000000000001 0.059836279674914644 0.019566592803111592 -0.04072673635603092 -0.03920210885545432 0.509513891475155 0.031321694248681455 0.4270019818352426 0.02050738425734076 0.9999999999998291 0.33584903394817983 0.011452487564185048
2.000000000000001 0.052046133525412826 0.01317324515601953 -0.03822354668669049 -0.037326522308176235 0.48553417321590836 0.022517188096367467 0.401912298390367 0.014317756503476022 0.999999999999385 0.3162532423893282 0.005135709554496497
2.0500000000000007 0.04923994385416913 0.010107255734364651 -0.034607613786672785 -0.034238360318255105 0.4461984017351205 0.016954402030198608 0.3601518616219297 0.01130268536352594 0.9999999999981174 0.28183410967129463 7.753456900885625e-5
2.1000000000000005 0.05990612209073786 0.012728579343839683 -0.037092683249088126 -0.03650926299622219 0.42106848588464457 0.021107637735622232 0.33571905040794364 0.014628273112734189 0.999999999994854 0.2593055757476386 0.0012401311413164356
2.1500000000000004 0.07699186986998652 0.019440950487420353 -0.04851415835800049 -0.044793815685093316 0.42439806776933403 0.03156706428867808 0.3449039039532045 0.022302312038944422 0.9999999999872509 0.26300762355437857 0.008011337662785433
2.2 0.09098249806936566 0.02501482953436677 -0.05903496039950383 -0.053758848429211956 0.4413077223873305 0.04098569573434362 0.36612397692871135 0.02782561712945499 0.9999999999722193 0.27840510220806125 0.013605182398858976
2.25 0.09340926710399611 0.0218736522949153 -0.06269987739990929 -0.05848664341799282 0.4381487821974173 0.039071470761096724 0.3621126212144408 0.024600657316860633 0.999999999946406 0.2763740048597125 0.01006150268216163
2.3 0.0915825096388437 0.01980720352911439 -0.06048572468310027 -0.05918261549811928 0.41099363153769686 0.034203428057360416 0.3323611662839935 0.022930697698484947 0.9999999999078126 0.25083507794369986 0.0024525447885212566
2.3499999999999996 0.0972087045777314 0.021913288889698852 -0.05775026516332211 -0.05762230124976364 0.38155306796623717 0.03600249335909602 0.30118708943835276 0.026220387360082118 0.9999999998563385 0.22691808041795342 0.005284270379659593
2.3999999999999995 0.1095756790767588 0.025299620499157124 -0.06010718190102424 -0.05885372339770275 0.3688693067242434 0.0416338251247161 0.292661288765377 0.030746839398110456 0.9999999997954637 0.21881919897524033 0.012571857176011317
2.4499999999999993 0.12300430247587671 0.028074014163549738 -0.07271062156726067 -0.06590765557173607 0.37635459179721287 0.047706591417758855 0.3065854672117584 0.03349560993341075 0.9999999997309696 0.22536894928830994 0.01566115113599469
2.499999999999999 0.13372290997475025 0.02808332037040404 -0.08255789761683598 -0.07494111771393266 0.3860783047461137 0.05138138670748982 0.3171452350614164 0.03295747193706329 0.9999999996679745 0.23312548749879328 0.014192799513147543
2.549999999999999 0.1378181680592389 0.028240197129574037 -0.08414360314337459 -0.08071831496144989 0.37695052773483356 0.05070662374668541 0.3059489920178866 0.03351550101750559 0.9999999996085429 0.22361449539146558 0.008580210411834556
2.5999999999999988 0.14060892259888216 0.03071052777445543 -0.08013420675475441 -0.07979255947897315 0.3530187611358938 0.05155758771040891 0.2794461927964379 0.037416982917666514 0.999999999551256 0.20426866565353685 0.010098821174813893
2.6499999999999986 0.14731611806004738 0.03262307230264306 -0.07597238356773685 -0.07589320582372053 0.33104322989105306 0.05412767037557784 0.2588097980087253 0.040802405941281095 0.9999999994930745 0.18899665044652808 0.017464565519006613
2.6999999999999984 0.15823196645317325 0.03314128386957628 -0.07947031267795175 -0.07705877922900876 0.32536840755062857 0.05699580195886368 0.2588407847790071 0.04155795765857323 0.9999999994327557 0.18508969159090802 0.020798721724240517
2.7499999999999982 0.17060043501080352 0.03316448176852091 -0.09314107089240277 -0.08580156460822415 0.33422801341804126 0.06066911927446763 0.2712235200787072 0.04080441301224856 0.9999999993727883 0.19160039699105352 0.01907494842717757
2.799999999999998 0.1810738479051066 0.0346581153504973 -0.10028348111065243 -0.09546711954133894 0.3399588286173148 0.06435553972702163 0.27567516099307304 0.04217773849083891 0.9999999993188468 0.1955569366043335 0.016244298468745866
2.849999999999998 0.1847156836890961 0.03770226874610832 -0.09880173076398814 -0.09794151847745483 0.32802105203027776 0.06581278171107388 0.26163982847645745 0.04647553540024729 0.9999999992767808 0.18566659850708467 0.01588178261088967
2.8999999999999977 0.18617507709607725 0.039754905744448836 -0.09295404926814047 -0.09295404926814047 0.3056887354475241 0.06687015806534458 0.2387270109665982 0.05033853051114299 0.9999999992498035 0.1695953381808909 0.021821839908590122
2.9499999999999975 0.19267741825013363 0.039750970243728784 -0.08793067509096192 -0.08793067509096192 0.2899112621445169 0.0680874225946416 0.2262755459298654 0.051256160684378604 0.9999999992375788 0.15904153374441754 0.02769240947887632
2.9999999999999973 0.20428884500379307 0.038919321621897776 -0.09325403211982614 -0.09111036421378838 0.2904186349775664 0.07021254517379256 0.2313092782745212 0.04985522176792888 0.9999999992377868 0.15975564325542346 0.027428465008621644
3.049999999999997 0.21689534338982513 0.039947706105516456 -0.10599677063768899 -0.10173642430956814 0.3007555630581754 0.07467147243245421 0.24243304078137962 0.05008503340705999 0.9999999992482645 0.16787412029140408 0.02490068530306321
3.099999999999997 0.22580172543499524 0.04314653004712387 -0.10988724771115208 -0.10906148459006727 0.30299331566596976 0.0790071619243207 0.2422154079656085 0.05385833137636897 0.9999999992680344 0.1692072716908397 0.024224729969916307
3.149999999999997 0.22556884016206208 0.04568656475241372 -0.10623480409725931 -0.10623480409725931 0.2876762578417652 0.07967752213826529 0.22569727188276126 0.05820149874127143 0.999999999296591 0.15770787388380514 0.027314942871616964
3.1999999999999966 0.22461508125379942 0.04590770661735923 -0.09976086329880172 -0.09976086329880172 0.267025273660512 0.07915126301340218 0.2066937587830821 0.06007076276265164 0.999999999333094 0.14447351553467663 0.03400102651904226
3.2499999999999964 0.23213319644385083 0.04475017983743354 -0.09513990570401616 -0.09513990570401616 0.25772720955262807 0.0798752639656734 0.20129759280584006 0.05909959053330258 0.9999999993755986 0.13993698506679275 0.03739991441620737
3.2999999999999963 0.24656808630714674 0.04482619879774866 -0.10130012932796267 -0.10084178807890802 0.26448303157388237 0.08355864204147763 0.210342279691716 0.05815240360204828 0.9999999994219618 0.14568920627960502 0.035584788311755405
3.349999999999996 0.2593981914571239 0.047713087098029044 -0.11175244474556331 -0.11159268314870839 0.27527042067737895 0.08941836950261152 0.21964507512051448 0.060658386886459616 0.9999999994702028 0.15324348195423548 0.03400531514285855
3.399999999999996 0.2637838940802142 0.05060152401277893 -0.1134548662673505 -0.1134548662673505 0.2721266741558888 0.09224696758502125 0.21412278326449485 0.0647671842684946 0.9999999995188211 0.15075104297562741 0.03585501882362479
3.4499999999999957 0.25713880704015973 0.050874374402099826 -0.10895146909597869 -0.10895146909597869 0.2528995204910812 0.0900618246963108 0.19582432430864924 0.0669722698782024 0.9999999995668284 0.13896122946425365 0.04093934608587581
3.4999999999999956 0.2545761783691763 0.04963864348195217 -0.10320996020365636 -0.10320996020365636 0.23560412888619794 0.0885406064242912 0.1818786900884464 0.06687368051756641 0.9999999996134972 0.13060714641231935 0.04676172630955734
3.5499999999999954 0.2673483853804279 0.049436457353997404 -0.10118979001124087 -0.10118979001124087 0.2349009027600519 0.09143149256859222 0.18380131069334024 0.06621696540147648 0.9999999996580259 0.1320111263243722 0.047953550441311374
3.599999999999995 0.2859324910700745 0.05179913946950042 -0.10803373648218469 -0.10803373648218469 0.24747840356848524 0.09805686893680211 0.19574710929620834 0.06759711389438304 0.9999999996997815 0.14048879883524426 0.04668439174137872
3.649999999999995 0.29603409352735843 0.05462273725185095 -0.1148203293701145 -0.1148203293701145 0.2547746179938981 0.10287171930518252 0.2006144091996256 0.07063507407055881 0.999999999738038 0.14507232825536 0.04711182541839736
3.699999999999995 0.2913795714976883 0.05459406153919787 -0.11392639356396937 -0.11392639356396937 0.24302888488403046 0.10079039744754412 0.18877219159076825 0.07207934873796376 0.9999999997727983 0.13893765534965838 0.05036550184742237
3.7499999999999947 0.2788540862079196 0.05316441764593297 -0.10970856869805892 -0.10970856869805892 0.2222600728330638 0.09651742435423735 0.17127286902951427 0.07236895477005661 0.9999999998039582 0.12962479034314284 0.05634218847261598
3.7999999999999945 0.28187726176079875 0.05346405226249953 -0.10756119350187224 -0.10756119350187224 0.21371678285448875 0.09821364011661594 0.16545115619887613 0.07337253547647245 0.999999999831636 0.12688573818196638 0.060963660717378534
3.8499999999999943 0.3030120597752639 0.05568715318356096 -0.10966263542008634 -0.10966263542008634 0.22287961891728442 0.10537646227361917 0.17427876552274915 0.07485543283455355 0.999999999855635 0.13263067306746035 0.061768589797387675
3.899999999999994 0.3200412692431987 0.057683611547890375 -0.11413211053379925 -0.11413211053379925 0.23540825215850392 0.11140184942706949 0.1846493048400752 0.07605633929673858 0.9999999998761595 0.14014197981374868 0.06134227590612463
3.949999999999994 0.3206088747645407 0.05694406238020524 -0.1149606314648837 -0.1149606314648837 0.23257231100555287 0.11000182198268948 0.18128761544370336 0.07570453788607341 0.999999999893192 0.14046597146626805 0.06266708199512998
3.999999999999994 0.3074130426986716 0.055396215013767854 -0.1132751137375416 -0.1132751137375416 0.21471968327877214 0.10451483680498257 0.16616134358513227 0.0758246830225046 0.999999999906725 0.13377590151167662 0.06730334668756592
4.049999999999994 0.2995106974641615 0.05658970047777815 -0.11315281204751901 -0.11315281204751901 0.20118526674646117 0.10468002257864559 0.15559914392472357 0.07888367914198982 0.9999999999167516 0.12873685568315293 0.07390278483345655
4.099999999999993 0.31399430796193384 0.05898006890903535 -0.11468935420179831 -0.11468935420179831 0.20391685518843428 0.11146488828954965 0.1582859091058642 0.08148822664949074 0.9999999999230786 0.13031524595763383 0.07757564298188484
4.149999999999993 0.33454631512979704 0.05962338157176444 -0.11519865321910625 -0.11519865321910625 0.21551450238976197 0.11755638561905091 0.16797382058261584 0.08079796387733204 0.9999999999253053 0.13692050664538089 0.07770190645688344
4.199999999999993 0.3399425791791766 0.0578857748726214 -0.11449314635710638 -0.11449314635710638 0.2192562684810778 0.11692050704706217 0.17120353004783187 0.07826699710373536 0.9999999999228057 0.14126488405883605 0.07714007047013179
4.249999999999993 0.33351272065772275 0.05659316396156948 -0.11476329493008375 -0.11476329493008375 0.20908150941429468 0.11235402525339287 0.16293061237691173 0.07810103437946024 0.999999999914818 0.1391135472872643 0.0795257617625816
4.299999999999993 0.32204761511150104 0.05839758256100419 -0.11722028097337697 -0.11722028097337697 0.1953373106132238 0.11134379404989359 0.1520287206690227 0.08226289008913844 0.9999999999005427 0.13474042684955004 0.08633555293387464
4.3499999999999925 0.3236077032325482 0.06076510994230448 -0.118940542511707 -0.118940542511707 0.1909996157080936 0.1160099932566021 0.14838727501217763 0.08584963849757248 0.9999999998788849 0.13275371172794462 0.09223509101616056
4.399999999999992 0.3402009931767283 0.060339314035518885 -0.11743792032540126 -0.11743792032540126 0.19729419206663354 0.12126134864824228 0.1531178335438468 0.08444092537713367 0.9999999998489918 0.13570730765484096 0.09376190940877059
4.449999999999992 0.3512708186967714 0.05799519468641863 -0.1153489212652648 -0.1153489212652648 0.2040927915811976 0.12203387503923245 0.15920375657785346 0.08072392186147209 0.9999999998102364 0.14105554222821254 0.09264634870496684
4.499999999999992 0.3511011794534532 0.05688394922194793 -0.11544237976784479 -0.11544237976784479 0.20219342299152282 0.11935279456876456 0.15849972181189687 0.07985652675299228 0.9999999997625293 0.14343493769522564 0.09307618680234335
4.549999999999992 0.3446841973463441 0.0585008932977061 -0.11823915871446326 -0.11823915871446326 0.19227903394466908 0.11766156069255383 0.1507896580594305 0.08337419474646188 0.9999999997059287 0.1409396493699012 0.09740641632880273
4.599999999999992 0.3355632629650618 0.060690471901511174 -0.12115960867167767 -0.12115960867167767 0.18334512622775614 0.11944581372632194 0.14331499893389682 0.08738447135694817 0.9999999996422582 0.1369691095207384 0.10352623790764026
4.6499999999999915 0.34043036718222874 0.06046713081719763 -0.12149304799895382 -0.12149304799895382 0.18317538772565403 0.12348060384573203 0.1423545380891348 0.08726828836105766 0.999999999573651 0.13636194938763374 0.10729297763838021
4.699999999999991 0.3537596421969607 0.058104833482508056 -0.11936408422745842 -0.11936408422745842 0.18909265024309632 0.12564985332242024 0.1472222759551321 0.08372910808409599 0.9999999995031239 0.1401241993488821 0.10718697045103899
4.749999999999991 0.35935782909148073 0.056446329039314035 -0.1177309841861157 -0.1177309841861157 0.1926251276629111 0.12476616054915113 0.15107433170871623 0.08139793016748713 0.9999999994343493 0.14427496469494835 0.10575849983133362
4.799999999999991 0.35934867288393413 0.05724748592140202 -0.11877217663968972 -0.11877217663968972 0.18859905943740782 0.12318993688715682 0.1482623620337196 0.08308093660502734 0.99999999937104 0.1445640688290453 0.1069233036431913
4.849999999999991 0.3512284900275877 0.05950788744304355 -0.12164669100367044 -0.12164669100367044 0.1796682684043853 0.12310989621668969 0.14086857253005639 0.08719128644180722 0.999999999316981 0.14101094343007453 0.11144464609569202
4.899999999999991 0.3420404771433154 0.060472253439524795 -0.12387269401731556 -0.12387269401731556 0.17403682526761585 0.12521990782745207 0.13573993804545945 0.08933464862111629 0.9999999992750165 0.13770156702133246 0.11609550939717077
4.94999999999999 0.3472940558339224 0.05889154445115303 -0.12325776514656293 -0.12325776514656293 0.17610370915103235 0.127941720790586 0.13688454956795953 0.08734569060302395 0.9999999992473335 0.13822834741705367 0.1174297458058139
4.99999999999999 0.35892849732886734 0.05658494934686028 -0.12077016418545071 -0.12077016418545071 0.1815047260530972 0.12891429380444283 0.14145370185544162 0.08392188956632547 0.9999999992347369 0.14184731682812005 0.11576656079424943
5.04999999999999 0.3633057993005987 0.05619882652121134 -0.11960034771544689 -0.11960034771544689 0.18306436061315937 0.12837233247208396 0.14288898102186956 0.08332613161013645 0.9999999992369931 0.14429909292371557 0.11456852726278863
5.09999999999999 0.36098455228072224 0.0583342729099402 -0.1213942083521991 -0.1213942083521991 0.1778362180677183 0.1278456645645293 0.13843936180678765 0.08678393090407062 0.9999999992524561 0.14266205697320491 0.11639123675586625
5.14999999999999 0.3501428757152566 0.06120624441788863 -0.12462156357595566 -0.12462156357595566 0.17038910836639296 0.12868233562217904 0.1324055682488417 0.09146148332245155 0.9999999992789088 0.13884447951918497 0.12025112105871642
5.1999999999999895 0.3430633257563935 0.061870066078000795 -0.12631870327498843 -0.12631870327498843 0.16790922051655383 0.13100144719371784 0.13020749849167948 0.0927031615096797 0.9999999993134551 0.13690155401695553 0.12252405748539964
5.249999999999989 0.3507633726571668 0.06002570406238951 -0.12465705857446346 -0.12465705857446346 0.17212701191497623 0.13353622650572772 0.13289251620760317 0.08983479657869543 0.9999999993529897 0.13870070467720558 0.12159292486279276
5.299999999999989 0.36127706643105134 0.05849199603707882 -0.1217756431735455 -0.1217756431735455 0.17738502466270117 0.13486073733019793 0.13634311442733524 0.08716522997196348 0.999999999394659 0.14160379285839658 0.11942494389761994
5.349999999999989 0.3620791369795071 0.059691106804958635 -0.12148604552847583 -0.12148604552847583 0.17726565368886307 0.13509321352289158 0.1355396108519899 0.0886931183261703 0.9999999994358414 0.14164750647722327 0.11911606787716685
5.399999999999989 0.3555782664205164 0.06318774452508004 -0.12459372544182776 -0.12459372544182776 0.17102009440049518 0.1349858485819035 0.13052235220145114 0.09396209077894893 0.9999999994751642 0.13820590451876938 0.12115507366120938
5.449999999999989 0.34470155334179714 0.06621311893288474 -0.12831211174478746 -0.12831211174478746 0.16486268918295474 0.13567829119251332 0.1262112007569794 0.09849040059575051 0.9999999995114642 0.13477151315369978 0.12301074177761105
5.4999999999999885 0.34488403665640044 0.06645356047243965 -0.12888835787455294 -0.12888835787455294 0.16583029840298533 0.13841762454644146 0.126451615736503 0.09838426685374069 0.9999999995446598 0.13469304739223273 0.1222270775803956
5.549999999999988 0.3567235174425019 0.06475610411459377 -0.1255327363245686 -0.1255327363245686 0.17261378675234534 0.141937288061535 0.12998387617579124 0.09500035334628647 0.9999999995751124 0.13743714978282767 0.11972475678621754
5.599999999999988 0.36179935982495876 0.06423503426066897 -0.12235895134773314 -0.12235895134773314 0.1772260118001753 0.14394096747205534 0.13194234652057618 0.0935405887772278 0.9999999996039182 0.13892687882697416 0.11838487349306943
5.649999999999988 0.3553217827481223 0.06668125911030942 -0.12362427206000932 -0.12362427206000932 0.17433842232467855 0.14380422859312098 0.12915286445673685 0.0970277278998593 0.9999999996322998 0.13625882458563118 0.11930912799627208
5.699999999999988 0.3441591687609885 0.0705771841786493 -0.12849549568304808 -0.12849549568304808 0.16640141992837013 0.142271275769448 0.12390694443985788 0.10296250853668266 0.9999999996614243 0.1316439179848706 0.1207836290550738
5.749999999999988 0.3405653161219883 0.07278801281139334 -0.13193338877878136 -0.13193338877878136 0.1624898454925844 0.14235291817252385 0.12134047003766132 0.10589435208852274 0.999999999692245 0.1297293103678268 0.1201716662426667
5.799999999999987 0.3526884738429102 0.07236264203204651 -0.1302896619246576 -0.1302896619246576 0.16843099664992048 0.14658110231523241 0.1239611272470387 0.10387332490964744 0.9999999997252877 0.13201512695068188 0.11709039180916075
5.849999999999987 0.36624934850134383 0.0717425603086292 -0.12541528252020132 -0.12541528252020132 0.17808580216927994 0.15213327620591413 0.129021258848978 0.10110951123478629 0.9999999997605648 0.1362352887629627 0.11527821111240592
5.899999999999987 0.3621023789758222 0.0733466448998143 -0.12317128576636764 -0.12317128576636764 0.18112604049103104 0.15460903680269847 0.13060234162779039 0.10239521655261324 0.999999999797585 0.13612803630663686 0.11543788395264955
5.949999999999987 0.34529414290296795 0.07647850531753875 -0.1264227754837737 -0.1264227754837737 0.17411188044707798 0.1519702396114839 0.1261506410314207 0.10731079613702535 0.9999999998351838 0.1305297675038395 0.11598757982366828
5.999999999999987 0.3340305938405296 0.07867773383274594 -0.1313870847192336 -0.1313870847192336 0.16501785330940086 0.1473258312947237 0.12030500589838344 0.11117122680949708 0.9999999998715404 0.1253449636376559 0.11513544338865875
6.0499999999999865 0.3424835977133339 0.07878004106904907 -0.13273747082392076 -0.13273747082392076 0.1663651263701405 0.14790310205940183 0.11996363067842833 0.11051605634780848 0.9999999999046506 0.1263298209793814 0.11239213174067526
6.099999999999986 0.36404343517660487 0.07894991689221223 -0.12985901841014633 -0.12985901841014633 0.17910708344522813 0.1553897155467873 0.1271735981496032 0.10811546767175186 0.9999999999317317 0.13267284084695172 0.10957088904865091
6.149999999999986 0.3740132738093113 0.08106150561072598 -0.12661566182688594 -0.12661566182688594 0.19016943097324523 0.16266506152991683 0.13520950690353475 0.10857732846930668 0.9999999999500075 0.13796998036532987 0.10912305930043883
6.199999999999986 0.3598711788578756 0.0833934378933588 -0.1262961569655335 -0.1262961569655335 0.18796615436098912 0.16204847979727463 0.13478645811769455 0.11150257633883658 0.9999999999562021 0.1350304374850315 0.10887764537150284
6.249999999999986 0.3353139871952224 0.0833646142819846 -0.12828512055839755 -0.12828512055839755 0.17529267759859316 0.1532379992953297 0.12626036673964602 0.11311916375608574 0.9999999999467339 0.12708947357677797 0.10714919674368178
6.299999999999986 0.3298072332836333 0.08203284457024188 -0.13037361081810447 -0.13037361081810447 0.16930138303642087 0.14684674096849734 0.12077195420667351 0.11198259009133459 0.999999999917456 0.12378748725723222 0.1038937507415739
6.349999999999985 0.3496016738087858 0.08275787670627817 -0.13178202733974181 -0.13178202733974181 0.1810149256728602 0.1518942916650738 0.12755671589849124 0.1108509536397174 0.9999999998640865 0.12958257525425998 0.10014888482200848
6.399999999999985 0.3734567212588396 0.08666138011317452 -0.13389175778008905 -0.13389175778008905 0.20017184694295975 0.16334619804206468 0.14245032716923625 0.11272927166919937 0.9999999997816573 0.1410258868382823 0.09964101418225796
6.449999999999985 0.3757321746507006 0.08922763271428813 -0.1350191568042062 -0.1350191568042062 0.20688245101667116 0.1676303619662039 0.14968743860572417 0.1144239275656749 0.9999999996657873 0.14556733308719147 0.0997733025058613
6.499999999999985 0.35223313860683475 0.08652573635885484 -0.13082308300540907 -0.13082308300540907 0.19494094199160736 0.15816167792184704 0.14170057027885294 0.11196714537508166 0.9999999995132054 0.1379358449376052 0.09648090123819864
6.549999999999985 0.32916700229158535 0.08225928081704173 -0.12647648372988857 -0.12647648372988857 0.18169780164364085 0.1452707638884074 0.13069581422540094 0.10812226770482317 0.9999999993234627 0.12948263246822891 0.09166493066725924
6.5999999999999845 0.3352442942204461 0.08258365672730915 -0.1302776348180126 -0.1302776348180126 0.18799524734579554 0.14433176326490976 0.13362545717498578 0.10796983889341376 0.9999999991011921 0.13164988840935227 0.0872038289826851
6.649999999999984 0.3613060617305161 0.08759993632233883 -0.13924881552569293 -0.13924881552569293 0.21106531455313893 0.15540746580989534 0.15170682966984403 0.11170078991897273 0.9999999988569093 0.14526884156641048 0.0855364107448225
6.699999999999984 0.37818898624826836 0.09082694771538277 -0.1456988996975652 -0.1456988996975652 0.22802816416112573 0.16382622761384827 0.16768779246145518 0.11316116428707869 0.9999999986074944 0.15819645095021298 0.08598611308868294
6.749999999999984 0.36777318530248365 0.0870077227163684 -0.14322822857712877 -0.14322822857712877 0.22331951797742336 0.15806585859294808 0.16595373230211152 0.10781461761305366 0.9999999983743096 0.15651749621187516 0.08287084350618451
6.799999999999984 0.34188200328240415 0.08072950384547169 -0.13388488332888604 -0.13388488332888604 0.20807958674978744 0.14404202937601837 0.15345824622790302 0.10125192365956737 0.9999999981786268 0.14628308919672428 0.07730500705647271
6.849999999999984 0.3307752606807869 0.07938568479929638 -0.13194145154997097 -0.13194145154997097 0.20616215979677266 0.13672285795780822 0.14983180258513554 0.10033603693486254 0.9999999980364893 0.1433722661201684 0.07232430120394998
6.8999999999999835 0.3459178655789137 0.08311437636401929 -0.14061479882091982 -0.14061479882091982 0.22520215869551377 0.14144267335842944 0.16396938315628054 0.10373030414188486 0.9999999979539421 0.15324289043328787 0.06758998401345866
6.949999999999983 0.36611315512766224 0.08631625597589289 -0.14921266764041324 -0.14921266764041324 0.24912461233929903 0.14954129127873794 0.18549644499612095 0.1052052719652247 0.9999999979254305 0.16876442983443055 0.0644262795433135
6.999999999999983 0.3710474817625254 0.08406992800805044 -0.15103813790544435 -0.15103813790544435 0.2577857420029558 0.14999648412214897 0.1957155420309748 0.10067931947350595 0.9999999979362599 0.1765549773010615 0.06264242684736773
7.049999999999983 0.356160277210729 0.07783256520735662 -0.14577738251471004 -0.14577738251471004 0.2487535324031591 0.14072377245716344 0.18888376056944778 0.09324856035410477 0.9999999979688156 0.17223220275078074 0.06027534034310924
7.099999999999983 0.33784221402250375 0.0739176159409302 -0.13921684681994848 -0.13921684681994848 0.2396560770109796 0.12992800462941387 0.179116936835247 0.0894907399958577 0.9999999980097637 0.16569183802251372 0.05568969543407528
7.149999999999983 0.3350128873035372 0.07426697449710508 -0.14061745375199894 -0.14061745375199894 0.2476839121809749 0.12581095901102274 0.18299647959992743 0.08987742738587663 0.9999999980550753 0.16852228391603846 0.0482868364687572
7.199999999999982 0.3472251814758489 0.07597768308565306 -0.14649605060771095 -0.14649605060771095 0.2712639178887735 0.12864333155150323 0.20297989933452065 0.09047284762278449 0.99999999810919 0.18075035105861087 0.03960971151012684
7.249999999999982 0.3593107501134468 0.07585776915308204 -0.1502964998206778 -0.1502964998206778 0.29322872360280167 0.13262026080699993 0.22487796711500205 0.08841983723995663 0.9999999981809466 0.19401915599200348 0.03499248781531725
7.299999999999982 0.3600504237561484 0.07242198249391414 -0.15030406241727925 -0.15030406241727925 0.2984193627185563 0.13113651763428316 0.2315032122877427 0.0833662229048385 0.9999999982765211 0.19918696143682382 0.03536967393891115
7.349999999999982 0.3480345363114273 0.06723000659508005 -0.14597976733812473 -0.14597976733812473 0.2892916235682177 0.12237576089495286 0.22209361629875193 0.07761039626371206 0.9999999983944527 0.19599907117114304 0.03526081977198854
7.399999999999982 0.33381183848450957 0.06344189447240078 -0.14129924744717712 -0.14129924744717712 0.28464983692760565 0.11198017286398469 0.21412265748218756 0.07365607510671403 0.9999999985252246 0.1927786176072241 0.02841398762786739
7.4499999999999815 0.3319774664104495 0.06241040564480418 -0.14086584025983617 -0.14086584025983617 0.2994291959095423 0.10727777778876205 0.22455038350253273 0.07193388663065449 0.9999999986554203 0.20016567668655105 0.01820129857213365
7.499999999999981 0.339392771413793 0.0621183249376062 -0.14275539647408014 -0.14275539647408014 0.32689600020201487 0.10868615906495264 0.2503073595272578 0.07042794928986437 0.9999999987728029 0.2158050643595346 0.010598379640342626
7.549999999999981 0.3483501360737681 0.0615318311030628 -0.14466134326765595 -0.14435669943324142 0.34838101175237907 0.11241133470691395 0.2723178983846001 0.06844749540625723 0.9999999988721434 0.22849009400869327 0.008993333212048153
7.599999999999981 0.34950914894792984 0.05881379466827164 -0.1451982329893902 -0.14299753615917343 0.3503962742083271 0.11107063430247062 0.2740576491064782 0.06476683877526697 0.9999999989554704 0.2309928029565367 0.010716015318280219
7.649999999999981 0.33940851624616925 0.05336866969608535 -0.14115733300200614 -0.1388201030637122 0.33991024224005106 0.10126217409680492 0.26077260935709284 0.058850787726765746 0.9999999990306594 0.2271392617218922 0.009012650123424436
7.699999999999981 0.3257997591455105 0.048428291140668524 -0.13507644149927306 -0.1341024748799271 0.33992432458339056 0.0898515888828521 0.25640682392801906 0.053336626695805446 0.9999999991060554 0.23092865285523165 0.003796376677368459
7.7499999999999805 0.3228524362270259 0.04641717014236565 -0.13145119809412836 -0.13101149342688376 0.3624591545489968 0.08519343019077666 0.27602662064018796 0.05051752507869952 0.999999999187421 0.2496019675199262 0.0002829881267126675
7.79999999999998 0.32871424397748233 0.04581370900034805 -0.13136268568297643 -0.13006389643191393 0.3936120218235542 0.08740527408822622 0.3071506240618364 0.04917900269332901 0.9999999992757262 0.2724492598041975 0.00030789967084872606
7.84999999999998 0.33805326461215374 0.045875443380317106 -0.13471582187085213 -0.12969745755935902 0.4120349742341843 0.0919384415512468 0.3254812620472733 0.048495415362269374 0.9999999993681377 0.28213583717113927 0.0002025619551213464
7.89999999999998 0.3390669647815591 0.042870669156961874 -0.13548562152044985 -0.12729689762905222 0.4079105243625605 0.0892995988961029 0.31871777657116723 0.0449121652366577 0.9999999994603376 0.27909714706950545 0.000132414126014692
7.94999999999998 0.32618007759044 0.03599842363977036 -0.1290346503581816 -0.1216076306923864 0.3965713407563805 0.07718512047081287 0.30300936610704143 0.037506526788513225 0.9999999995488407 0.2778357488923683 0.0001757891346566439
7.99999999999998 0.31294688892931066 0.031235887016147164 -0.11936828476645288 -0.11462800776889913 0.4052563044156106 0.06655909121909695 0.3082663194458656 0.03213536127923583 0.9999999996310891 0.29147227796369135 0.0003107539789613731
8.04999999999998 0.31095533526280006 0.02967775541221683 -0.11426665992407022 -0.11017465253829895 0.43619972291317044 0.06376252846766002 0.33888587805401826 0.030239143363533963 0.9999999997045967 0.3170147948622313 0.0004356450307999956
8.09999999999998 0.3192655885105202 0.03029892452181388 -0.11669027718213108 -0.109475877004814 0.4675364469632459 0.06788604330812893 0.3710878969103782 0.03061653777323427 0.9999999997658341 0.3377512175212717 0.0004006649870169283
8.14999999999998 0.3286308017299247 0.030413661315694684 -0.12215131031735506 -0.10881943206090389 0.4776262220831832 0.07172501049647699 0.37944646038667623 0.030372233922622158 0.9999999998108222 0.3413514900088538 0.0002877724748614065
8.199999999999982 0.3228436200325127 0.025205664662930526 -0.12040255340388811 -0.10339761782933478 0.46513258373000277 0.0648061061212453 0.3632536011755242 0.024795990260187382 0.9999999998351308 0.3339296158310582 0.00024201336331324254
8.249999999999982 0.30631310161381886 0.01874595742166562 -0.10887028974559511 -0.09376213949716751 0.45843411429879455 0.052315308175382026 0.3532512355926216 0.018043465828582097 0.9999999998355702 0.3342322840912497 0.00029915232098801136
8.299999999999983 0.29663581305416775 0.015879181181786828 -0.0976272237095795 -0.08623024727306786 0.4796256583889263 0.04537538677860498 0.3730141417263052 0.015097577626799547 0.9999999998101426 0.3532485907538127 0.00044486193389098685
8.349999999999984 0.30074402639065456 0.016216279425153725 -0.0966441648700607 -0.08510474272686075 0.5165303261492951 0.046220905542828164 0.4107653435944299 0.01540017134366937 0.999999999758385 0.3811429947545333 0.0005774437646520224
8.399999999999984 0.3113911707140919 0.017493113208096926 -0.10333560485549279 -0.08701311112579467 0.5413531119326535 0.051105333241882545 0.43567564663675445 0.016557985948840833 0.999999999681317 0.3970726692430111 0.0005621892475249191
8.449999999999985 0.3130622927942048 0.015260880209558143 -0.10699802525916 -0.0838410899230683 0.5378947578934993 0.050166958925487885 0.43032622187356995 0.014187009887190738 0.9999999995814877 0.39235902694439445 0.0004251873350719916
8.499999999999986 0.2989595071302174 0.009803214786126335 -0.09936097051659176 -0.07200265512432395 0.522620944531698 0.040836874644095446 0.4126143316288221 0.008822869939520151 0.9999999994627943 0.3811993518416507 0.0003153919994111162
8.549999999999986 0.2861553211103189 0.0065630118538678285 -0.08560652037267892 -0.06044223725699016 0.5281731511080463 0.03263180544946591 0.41583972447660683 0.0057721655556362 0.9999999993297017 0.38581269850809147 0.0003575853484159976
8.599999999999987 0.2856286817209352 0.006317109756021098 -0.08347755559159399 -0.05843156137689227 0.5605417058284512 0.030625822370314634 0.4473709119664831 0.0055566398801900115 0.999999999185985 0.41141051918786176 0.0005854828940311532
8.649999999999988 0.29406696849599434 0.007388324807651376 -0.08841224048714136 -0.06274902278839745 0.5956289966163638 0.03334212567655803 0.4835135939409196 0.00653553431451341 0.9999999990354985 0.4390433302048527 0.0008268571860683354
8.699999999999989 0.29797458912481706 0.006911898850583382 -0.08882749134572018 -0.06187335541114885 0.606566157257061 0.034719977562076385 0.49541329768588577 0.006041155135247975 0.9999999988819185 0.4459376889714104 0.0007749310821275031
8.74999999999999 0.2901752205616568 0.004005191786459244 -0.08660334088303753 -0.050167761736869744 0.5933783114797472 0.03034919524598939 0.4814154229857529 0.003382857831819124 0.9999999987298526 0.4318103385295856 0.0004858387425195534
8.79999999999999 0.2779540978657959 0.001799856934997205 -0.07857347773187226 -0.03587743641665125 0.5845905471751153 0.023978320867445366 0.46989066983741146 0.0014699636753277576 0.9999999985849434 0.4204368867853038 0.0003027080732345389
8.84999999999999 0.2744995985245361 0.0013437284901747393 -0.08504728130251367 -0.030905839908870775 0.6026313967304916 0.02060910818164843 0.4852023041804972 0.0010896737925691995 0.9999999984525368 0.43326938014505906 0.0004224435308014544
8.899999999999991 0.279014335494366 0.0017073527856768386 -0.09119071159563442 -0.03451813939786331 0.6388223088413042 0.020952295078902387 0.5217258874624178 0.0013966341328383637 0.9999999983371364 0.4645526815128511 0.0008553720581892444
8.949999999999992 0.2825807034871668 0.0017164679278817616 -0.09157420890268639 -0.035424314092038854 0.664360952777033 0.022020866736765995 0.5502514042297669 0.0013976950088264307 0.9999999982416714 0.4865086017178257 0.0012005153806249524
8.999999999999993 0.2789574558146834 0.0008369771185757398 -0.08643537685484647 -0.02632410061936086 0.6624154734295101 0.02062263527439493 0.5499801074510449 0.0006632252181768466 0.9999999981679203 0.48053878683156837 0.0009282948696739694
9.049999999999994 0.2700288028397519 0.0001377281169153745 -0.08176033579589295 -0.012142553990999833 0.646955969298056 0.017067423053088754 0.5323673445176197 0.00010519734536485189 0.9999999981176101 0.45967169393574386 0.0004011149244484046
9.099999999999994 0.26475097926606045 1.3304158394214062e-5 -0.0846459731122823 -0.00347220693712928 0.6464927639853938 0.013922622218356252 0.5278958644786926 9.958950864538915e-6 0.9999999980922029 0.45432273139824464 0.00024874571316559654
9.149999999999995 0.26608579468510635 1.805856646279371e-5 -0.09078324078548088 -0.0035384366820270844 0.6723632990662834 0.012926086594871237 0.5523846748074928 1.3494654690484957e-5 0.9999999980911836 0.47748271067974557 0.0006521340673853003
9.199999999999996 0.2688855040362136 2.2499340584807972e-5 -0.0932423759699704 -0.004796540211107465 0.7063964431255599 0.013411463113093153 0.5893031821594173 1.690287007996819e-5 0.9999999981129843 0.5095290971194663 0.0015089212503951563
9.249999999999996 0.2676003861399745 0.0 -0.09069148178841954 0.0 0.7208334717907897 0.013165624129079099 0.6074068163820061 0.0 0.9999999981533765 0.5194436004119709 0.0017465343082758945
9.299999999999997 0.2611874638356693 0.0 -0.08538966278423732 0.0 0.7093721126623358 0.011303240543116577 0.5956695972088529 0.0 0.9999999982077405 0.5009238590165588 0.0009493491088057511
9.349999999999998 0.2539424168278739 0.0 -0.08385061815482403 0.0 0.6942842884627777 0.009072544403617445 0.5761516811450379 0.0 0.9999999982716793 0.4804412306233589 0.0002962063231181977
9.399999999999999 0.2522807592381516 0.0 -0.08739920892274386 0.0 0.7015329664706162 0.007858183899129421 0.5798761408069093 0.0 0.999999998341354 0.48622700886332554 0.00041263188282367305
9.45 0.2548756542587639 0.0 -0.09119666597924109 0.0 0.7323982476756539 0.008107732795074887 0.6118871768525155 0.0 0.9999999984135112 0.5165834971016079 0.0013630576732555195
9.5 0.2563972159838223 0.0 -0.0913315555714864 0.0 0.7613350151259032 0.008663883048952084 0.6448400465948423 0.0 0.9999999984854782 0.5416486628460984 0.002373277992323341
9.55 0.25280467312555094 0.0 -0.08786511781771407 0.0 0.7637086303923992 0.007838361452295325 0.6491539267529601 0.0 0.9999999985553234 0.536829023087143 0.001983861469161634
9.600000000000001 0.24497337383594725 0.0 -0.0837441376328204 0.0 0.744197259569669 0.0060406438884625544 0.6265871393894671 0.0 0.9999999986225026 0.5117088656778361 0.0007757723196322501
9.650000000000002 0.2396284998738874 0.0 -0.08276904730642377 0.0 0.7318078407523051 0.004858041704983092 0.6091647983074129 0.0 0.9999999986884611 0.49842196777308806 0.0003319030506266981
9.700000000000003 0.2407094112658431 0.0 -0.08530589577999687 0.0 0.7475541343663152 0.005012204992530989 0.6235349990487745 0.0 0.9999999987556303 0.5145959836438023 0.0008885071965719501
9.750000000000004 0.24569509952694593 0.0 -0.08773550638424948 0.0 0.7812127678406293 0.0062698417908521285 0.6602994449152454 0.0 0.999999998827383 0.5451303131039003 0.002359542465392761
9.800000000000004 0.24670048259274657 0.0 -0.08714124797148545 0.0 0.8011789088268076 0.006846034786875458 0.6836547427455556 0.0 0.9999999989067802 0.558446789772076 0.003220190955770833
9.850000000000005 0.24001866070533978 0.0 -0.08362262745829574 0.0 0.7897130890940937 0.005330377930509991 0.6717205504658434 0.0 0.9999999989957248 0.5417801061039381 0.0021186664505721165
9.900000000000006 0.23257957457726475 0.0 -0.07949137260628815 0.0 0.764840620071855 0.0036142929971095476 0.6421681225753473 0.0 0.9999999990952838 0.5164068405893044 0.0008528644325891969
9.950000000000006 0.23313154351339357 0.0 -0.08085371807286983 0.0 0.7592535076150714 0.003332752354468079 0.6329999165875444 0.0 0.9999999992050708 0.5120299588233996 0.0008380735663886193
10.000000000000007 0.2427974715406914 0.0 -0.0816744917818573 0.0 0.7840167827251888 0.004690268127551827 0.6592080360566149 0.0 0.9999999993230089 0.5345272221191676 0.0021233423776503154
