0.0 0.0 0.0 0.0 0.0 0.9999999999999313 0.0 0.8639310172206912 0.0 0.9999999999999417 0.7978845608028653 0.0
0.05 0.0 0.0 -6.114930993976753e-17 0.0 0.9731871693429319 0.0 0.8337107425562144 0.0 0.9999999999998926 0.7762108204728888 0.0
0.1 0.0 0.0 -6.275440441719078e-17 0.0 0.9903078616976507 0.0 0.8539898249574643 0.0 0.9999999999998906 0.7890044466581727 0.0
0.15000000000000002 0.0 0.0 -3.18031899816032e-6 0.0 0.9795469469141878 0.0 0.8420469326541281 0.0 0.9999999999998831 0.7799723866228847 0.0
0.2 0.0 0.0 -1.7885771244435786e-7 0.0 0.9682927819998391 0.0 0.8315602983788745 0.0 0.9999999999998698 0.7683075954300543 0.0
0.25 3.62224203621638e-5 0.0 -0.00010001642914931028 0.0 0.980413604045184 0.0 0.846111961587657 0.0 0.9999999999998629 0.7777333387155744 0.0
0.3 1.2439520765682625e-5 0.0 -2.9618148675640416e-5 0.0 0.9479576915279424 0.0 0.8116066373408787 0.0 0.9999999999998613 0.7479335043947831 0.0
0.35 0.0001252036260601189 0.0 -0.00037581967330796835 0.0 0.9644004974655184 0.0 0.8331975445876841 0.0 0.9999999999998911 0.7598675350518838 0.0
0.39999999999999997 0.00021394061632000534 0.0 -0.00033375605036172997 0.0 0.9361897232249863 0.0 0.8021679492091032 0.0 0.9999999999999274 0.7344567777296368 0.0
0.44999999999999996 0.00019084387896419432 0.0 -0.0005268574493232833 0.0 0.9323933411909594 0.0 0.803104637567171 0.0 0.9999999999998733 0.7272335505711472 0.0
0.49999999999999994 0.0007426705037159301 0.0 -0.0011132373132318324 0.0 0.9263644334512898 0.0 0.7969175734062166 0.0 0.9999999999998642 0.722513952899861 0.0
0.5499999999999999 0.00035113752399290924 0.0 -0.0003714149357589686 0.0 0.8967196893662392 0.0 0.7684213974361049 0.0 0.9999999999998679 0.691403060352509 0.0
0.6 0.001298693305062065 0.0 -0.001944710635683348 0.0 0.9060030847138099 5.266664147080923e-5 0.7820095167024985 0.0 0.9999999999998912 0.7006981056029815 1.6903862786082434e-5
0.65 0.0009838348744529428 0.0 -0.0009442179708857436 0.0 0.8688503083955583 0.0 0.7423483713877398 0.0 0.9999999999998579 0.6638198240500004 0.0
0.7000000000000001 0.001507965476048671 0.0 -0.002103295713673184 0.0 0.8700559906221526 0.0001632508367946277 0.7502267104931661 0.0 0.9999999999998598 0.6640679765553925 0.0
0.7500000000000001 0.0018003636360804395 0.0 -0.0018894735309449042 0.0 0.8485072825303057 0.0 0.7262619813792532 0.0 0.9999999999998944 0.6447151522536779 0.0
0.8000000000000002 0.0015803008576467555 0.0 -0.001241565858511669 0.0 0.826099522716813 0.00015949836040667146 0.7083287420043494 0.0 0.9999999999998741 0.6204698736589945 0.0
0.8500000000000002 0.002461096014287007 0.0 -0.0025609451402971548 0.0 0.8252298568175883 0.00011086607868805606 0.7092555181418093 0.0 0.9999999999998692 0.6237130961862516 0.00020729696944316782
0.9000000000000002 0.00222738483737065 0.0 -0.0011912794679119479 0.0 0.7869486992752177 9.420190850158854e-5 0.6704879746426363 0.0 0.999999999999882 0.5832927291455605 0.0
0.9500000000000003 0.003020384321722128 0.0 -0.0028830050640105426 0.0 0.7901016724555705 0.0005509762775520156 0.6797920393754125 0.0 0.999999999999896 0.5907521600755125 0.0003221407034021962
1.0000000000000002 0.002771707669093416 0.0 -0.0019922914792231405 0.0 0.7579784155866929 1.469147863228366e-5 0.6446331535189119 0.0 0.9999999999999107 0.5585228953430578 0.0
1.0500000000000003 0.00370838978342803 0.0 -0.0024340888125515244 0.0 0.7447195012793607 0.0009498789693638625 0.6376051652424277 0.0 0.9999999999999153 0.5472025369984362 0.0
1.1000000000000003 0.003179864322971917 0.0 -0.002461592150874917 0.0 0.7328807039773085 0.00010233601908706074 0.6253782205373193 0.0 0.9999999999999337 0.5395191453953765 0.00017591792058584753
1.1500000000000004 0.004157032471445268 0.0 -0.0026004739691862376 0.0 0.699438589075299 0.0005970665724270134 0.5940548829124999 0.0 0.9999999999999677 0.5056358565772789 0.0
1.2000000000000004 0.004968550733117969 0.00040984793790692456 -0.0033999618167017253 -0.0028842249714145446 0.7021783574645961 0.0015616248925433248 0.6006416424770263 0.00033355389649842324 0.9999999999999469 0.5147841511390745 0.0010091338258832682
1.2500000000000004 0.004105496981240561 0.0 -0.0019204702176442569 0.0 0.6640755484924877 0.00018887809777353307 0.5609409773573807 0.0 0.9999999999999758 0.4759598095183469 0.0
1.3000000000000005 0.007757520840303388 0.0011099167153656839 -0.005414212962215603 -0.0050528324745408955 0.6612247700677957 0.003272834243426023 0.5638870318055309 0.0009402430974878983 0.9999999999999727 0.47761005889982233 0.00046728469718072097
1.3500000000000005 0.0038835535214915224 0.0 -0.0022494102206237943 0.0 0.637541859608719 3.906294567906656e-5 0.539225473147231 0.0 0.9999999999999992 0.4570635970416789 0.0
1.4000000000000006 0.008897749761796884 0.0005098134018471009 -0.006696370493844773 -0.004062347128492067 0.6142778316810219 0.0023051269214533127 0.5197673468315379 0.00043322288977320643 0.9999999999999668 0.4366172606073766 0.0
1.4500000000000006 0.008687690122889676 0.0020019485142223365 -0.005504485972308279 -0.005475799967778306 0.6134322453384817 0.003391216753295043 0.5207070384511215 0.001887471397330625 0.9999999999999686 0.4400892409289422 0.0017280672005936877
1.5000000000000007 0.008903318550272085 7.257817935065783e-5 -0.00663496338186875 -0.0021086253873186162 0.5741983223563936 0.0009383287747206109 0.481993366282201 5.999837181118143e-5 0.9999999999999798 0.4037312047666367 0.0
1.5500000000000007 0.016839462116878902 0.004658172610743841 -0.012202932909225422 -0.011249521102992112 0.5817786002422305 0.007906182212377093 0.4937444926999713 0.00450798596508204 0.9999999999999234 0.41323683822847407 0.0024285159341019573
1.6000000000000008 0.010325933580541843 0.0005128173833693147 -0.0070267126202190845 -0.004957653211442654 0.5466458796370537 0.0012103222531597518 0.45786803558298717 0.0005047379870754242 0.999999999999779 0.38299255479365596 0.0
1.6500000000000008 0.02245628331967265 0.004466719125974145 -0.016828712477862176 -0.013263085455615999 0.5390692833877916 0.008003951333997004 0.45467847268724565 0.004494865741172694 0.9999999999990314 0.3761784672060146 0.0005093983505950687
1.7000000000000008 0.018971520955363856 0.0030863683251330107 -0.014559183402104369 -0.013078221586678155 0.5277130153955664 0.00555847111086466 0.44358972094823945 0.003297177662167163 0.9999999999966448 0.3689987796859314 0.0009431102192703066
1.7500000000000009 0.025867171590265223 0.003040778511128253 -0.01935415342835126 -0.014004084119166411 0.49713341784238335 0.0060548626249325565 0.4149357297894979 0.00326540535646837 0.9999999999900232 0.34260300660812276 0.0
1.800000000000001 0.03422722040568505 0.0075309659143483415 -0.02522472726599157 -0.02142429065427593 0.506968335021226 0.012990938617456036 0.4273400317784288 0.008084598474954864 0.9999999999718243 0.35282257845750625 0.004130367290268712
1.850000000000001 0.032420905259617855 0.0038766266544251055 -0.022474368065405714 -0.018755233988218347 0.46847052674680695 0.007160451749782458 0.3882950878422421 0.0043298662998993934 0.999999999925885 0.31970359433707163 0.0
1.900000000000001 0.04813845678745416 0.010106522812024798 -0.03416763197088617 -0.026974752549971174 0.47484706926349146 0.017009241558343498 0.39930987999233514 0.011120090634700751 0.9999999998168169 0.3254267230339503 0.00442880604597177
1.950000000000001 0.045520371700759975 0.006228933794294021 -0.0319596986308444 -0.02798661447492694 0.4515182890679911 0.011376174500801289 0.374782804804975 0.007107863496223313 0.9999999995730076 0.30589248181996265 0.00010813117507127842
2.000000000000001 0.059059384952584275 0.009641025106019755 -0.03989545380069065 -0.031181076592535877 0.43669867478004687 0.016952116284922374 0.36349456346611414 0.011315776785484824 0.9999999990590288 0.2935178518046603 0.0028482625695226338
2.0500000000000007 0.06476520769769761 0.009147510405485048 -0.04513455855841417 -0.03786643235730633 0.4367654044503283 0.017676354726133818 0.36419437432399837 0.010577503318685786 0.999999998032166 0.29428155223635954 0.002032582200322378
2.1000000000000005 0.07241201862748801 0.010606029405537988 -0.044418208786227896 -0.037972083773492774 0.4072092708994029 0.018675962505499785 0.33491860922151107 0.012829545511930478 0.9999999960819698 0.2686230604753587 0.0019287627716586954
2.1500000000000004 0.0857799956965681 0.012828194840933189 -0.056824029353765876 -0.04508868376029704 0.4155900849112123 0.02418506273822419 0.3470094702538573 0.014870521461122867 0.9999999925506331 0.27739790299541267 0.005393955581093982
2.2 0.0901708403151224 0.012773516459349512 -0.053805791691105206 -0.04850872329525687 0.38987326013927426 0.022626659121768252 0.31939942624104434 0.015535662153890396 0.9999999864381278 0.2536618876986685 0.001347587923635122
2.25 0.10487334640211618 0.015219163040268612 -0.06420108990363221 -0.05091091862558355 0.38611710555348944 0.027678830512889746 0.32059104878874695 0.018203503189590055 0.9999999763025496 0.2525123814963221 0.006291204344558007
2.3 0.11203213686346071 0.0148341869330161 -0.06709443880483441 -0.059061068181920376 0.37791895773912265 0.02726962587397724 0.3111171956296347 0.018017210088445125 0.9999999601710075 0.24387162062876414 0.0016133601360862869
2.3499999999999996 0.12355773438067391 0.016733075617841278 -0.06795025244083648 -0.05805542974771652 0.3580009874716015 0.030220899979828263 0.2935169343105892 0.0209187508206851 0.9999999354861585 0.2286735683277549 0.006133437848310381
2.3999999999999995 0.1365296734986304 0.016837718765056783 -0.07905908005332489 -0.0672247005529056 0.36324926422896275 0.03244955652043477 0.3002465217520566 0.020413652700792772 0.9999998991156337 0.23224089012338928 0.0037721866184660044
2.4499999999999993 0.14506657695280437 0.019253235932974115 -0.07437422666406646 -0.06878961907973746 0.34005233781557037 0.03449035149185733 0.2760354881832706 0.024372439585284844 0.9999998474535344 0.2130096927827135 0.005918460255256987
2.499999999999999 0.16026535566665814 0.01956663178024183 -0.08609433903324074 -0.07265459223664947 0.34200681006364186 0.03721104734289778 0.28222930906274096 0.023908337213025408 0.9999997766343198 0.2147891697563711 0.006649297528479799
2.549999999999999 0.16929563547005644 0.02144089860454602 -0.08563303399038738 -0.07998199853806016 0.3295798784195416 0.03887268444303135 0.2676271394018199 0.02701904244860738 0.9999996828675831 0.20363378453781888 0.0050856833201938486
2.5999999999999988 0.18241672005710047 0.022286214671826735 -0.08776024172568588 -0.07830220859799301 0.3180039753798558 0.04089355462812255 0.26016343885837573 0.02801860574483383 0.9999995628792607 0.19486062663911066 0.008775223100417236
2.6499999999999986 0.19572072752464176 0.023227216151680503 -0.09597081622550227 -0.08830124235949337 0.31966929142894007 0.04317002881994178 0.26112079962833057 0.02897439174188049 0.9999994144249502 0.19517515057342472 0.005317637787856546
2.6999999999999984 0.20565631960149475 0.025010499881293346 -0.09024351932348611 -0.08645200150498523 0.3001445365933338 0.045456217461507 0.24222113708593745 0.03216003825423184 0.9999992368131039 0.1794431895468287 0.009918212057799927
2.7499999999999982 0.2218867998582697 0.02528168133426635 -0.10130736587982582 -0.09262772385605461 0.30507751309072345 0.04766199809330355 0.24964906596006678 0.031466366264016596 0.9999990313645721 0.18338974199443575 0.00794179838211793
2.799999999999998 0.23074745853655707 0.027778973816724152 -0.09832504920871275 -0.09613498320849764 0.29025546559168 0.050201241479341005 0.2329251686839602 0.035698863630191195 0.9999988017254247 0.1705474843210071 0.009683440803993974
2.849999999999998 0.24542075270071934 0.02760916855298437 -0.1009433303578561 -0.09516633031971661 0.2856014269224562 0.05132629816755331 0.2325067437569757 0.034976983625981464 0.9999985539611022 0.16746970118781357 0.010915295627596282
2.8999999999999977 0.257915891543889 0.02993669190487093 -0.10618505107318899 -0.10387312383047406 0.28358273728912164 0.05438567921551453 0.22855305055806044 0.03803364493903296 0.9999982963820986 0.1646908352502206 0.009087861252209787
2.9499999999999975 0.2685896962903053 0.030363847623564824 -0.10006599454392598 -0.09911842278712973 0.2686157866671733 0.05572481916931249 0.215767250817642 0.03932727697449679 0.9999980390890847 0.15346168941556 0.013846360073654121
2.9999999999999973 0.2855385424400028 0.031703641417995546 -0.10986897215967112 -0.10702193949368168 0.2744396079697137 0.058540177863798566 0.22212786846170132 0.03998807379207892 0.9999977932641195 0.15803250884267772 0.010966027119356068
3.049999999999997 0.2924956679038899 0.03335278455774675 -0.10530851500938639 -0.10530851500938639 0.2584787794258493 0.060462996759557984 0.20542952579992496 0.04345436043041972 0.9999975702800858 0.14479225020195707 0.015063263322071503
3.099999999999997 0.30964784829065606 0.03337127730499951 -0.10782404124260134 -0.10632424650521313 0.25969173520452643 0.06182960788255161 0.20989623329678161 0.042478736469205296 0.9999973807287095 0.1465341523006671 0.013592131761577381
3.149999999999997 0.31914101419908725 0.03598006014575716 -0.11121397210892747 -0.11121397210892747 0.2535197290282876 0.06475467023451233 0.20158113495617025 0.04647310520993972 0.9999972334882602 0.14063931459015067 0.014847426326513199
3.1999999999999966 0.33144203557144025 0.03546792956444074 -0.10539552279033229 -0.10539552279033229 0.24395314734808993 0.06536291976906188 0.19507459681893874 0.04605091751873527 0.9999971349473248 0.13444823035922346 0.017242274996261138
3.2499999999999964 0.34795940124781477 0.03797789601774974 -0.11370689101335288 -0.11368303319628659 0.24878708358228235 0.06896485650095485 0.1987368707947796 0.048532338276513085 0.9999970884841031 0.13746964975473022 0.015585599728384697
3.2999999999999963 0.35233452992914815 0.03809164479604515 -0.10856674151278992 -0.10856674151278992 0.23299778479188235 0.06946820022044717 0.18389625088561928 0.05009937475540598 0.9999970942597399 0.12640764334857718 0.020522641849783956
3.349999999999996 0.37309591060092673 0.03946583551239505 -0.11174824462450467 -0.11174824462450467 0.2390778551327127 0.07222859663358104 0.19136149612394707 0.05044259744157144 0.9999971493436923 0.131224938503036 0.018063409191662674
3.399999999999996 0.3764084377508627 0.04074332621992118 -0.11322497996035172 -0.11322497996035172 0.22807502638646887 0.07348347127110215 0.1792542803635057 0.053476123485861546 0.9999972481404515 0.12230334075733053 0.02117723567951397
3.4499999999999957 0.3935949235120834 0.04088302720222272 -0.10936454827461675 -0.10936454827461675 0.22544009873638662 0.07485591286288905 0.17934632421562458 0.05298855554479545 0.9999973830485329 0.12196941809763363 0.02165241745613361
3.4999999999999956 0.40553653436840886 0.04302732241552004 -0.11562586474960042 -0.11562586474960042 0.22617412612157214 0.07770843154677559 0.1783492833455665 0.05590585242709926 0.9999975452555914 0.12148107841068966 0.022117951511977024
3.5499999999999954 0.41074602933601173 0.04265207259541785 -0.11097123038177295 -0.11097123038177295 0.21355687162239673 0.0777984637281518 0.16776439377853888 0.056218777608263104 0.9999977255643995 0.11445399186750818 0.025999212820876198
3.599999999999995 0.43289581997092474 0.044846837470939725 -0.11477935806035823 -0.11477935806035823 0.22167474529910597 0.08158019610810661 0.17544660716436278 0.05789746602455421 0.999997915150588 0.11965538976752801 0.024609744177461975
3.649999999999995 0.42923945689336646 0.04462081044432348 -0.11439279855436821 -0.11439279855436821 0.20705456699354532 0.0808297953429133 0.16135559907355906 0.059223188565065886 0.9999981061752012 0.11047331360701924 0.028612950486713556
3.699999999999995 0.4538710752619302 0.046360215560562364 -0.11328916542730201 -0.11328916542730201 0.2119729166454266 0.08435556664400115 0.1675428420631165 0.060147319331659545 0.9999982922023778 0.11432258142284436 0.028344599512006283
3.7499999999999947 0.4551184350854016 0.04649508851760302 -0.11635565922531041 -0.11635565922531041 0.2054483785821299 0.08420626081062427 0.16027485906223338 0.06143543235615423 0.999998468406845 0.11040307792706985 0.030448191104099857
3.7999999999999945 0.4693204874720018 0.047731056205560334 -0.11389821789580741 -0.11389821789580741 0.20053188379948744 0.08660681603196194 0.15701758620782114 0.06278398138619537 0.9999986315854779 0.10850437953018684 0.033436210896667436
3.8499999999999943 0.48357107047579007 0.04820690025665089 -0.11628612001793331 -0.11628612001793331 0.2045080692954131 0.0880920135476911 0.16022728164822725 0.06320690472627458 0.9999987800100036 0.1113118718992181 0.03311327724460648
3.899999999999994 0.48244115543691996 0.048971702052568254 -0.11613819808533164 -0.11613819808533164 0.19219178773565634 0.08863791436231365 0.14893470722484656 0.0652205851047334 0.9999989131706429 0.10507196859659251 0.03797379044736191
3.949999999999994 0.5060302470602109 0.04987573343887912 -0.11492099620990036 -0.11492099620990036 0.19960951052202736 0.09152251998814444 0.15671977142473767 0.06529039028794782 0.9999990314718314 0.1102711374854321 0.03757356051255981
3.999999999999994 0.5007938375529646 0.04998347457773344 -0.11780450310142125 -0.11780450310142125 0.1889236816813051 0.09071901851256126 0.14601864423866825 0.06680129190633802 0.999999135918385 0.10514348929568641 0.04116235871699367
4.049999999999994 0.5219205321284671 0.05145724607862495 -0.11535930929827187 -0.11535930929827187 0.1907907153272611 0.09405902738868128 0.1491285392050907 0.06785668707495547 0.9999992278410715 0.10687097594993206 0.043044465113541895
4.099999999999993 0.5256230787527674 0.050808525511809095 -0.11698068644643297 -0.11698068644643297 0.1885307098998078 0.09326122240900321 0.14636771942764362 0.06765452293998923 0.999999308676509 0.10739034309040543 0.04424108865561122
4.149999999999993 0.5330582196759627 0.05274640572236835 -0.11743335309858112 -0.11743335309858112 0.1821056192505871 0.09591295730991177 0.14102534270807268 0.0703564398148575 0.9999993798144894 0.10480472011158928 0.049323548159714806
4.199999999999993 0.5477195406142754 0.05174996117083237 -0.1159977468197479 -0.1159977468197479 0.18670985916983907 0.09614345252598762 0.1456895714743412 0.0686924961868893 0.9999994425087719 0.10932947043091226 0.048964036808450774
4.249999999999993 0.544574985778978 0.05344673845976281 -0.11898813054280344 -0.11898813054280344 0.17704800620159633 0.09728747758061057 0.13624496059004362 0.0718554004921808 0.999999497842314 0.10538734135943492 0.054368524439867644
4.299999999999993 0.563412998706545 0.052991475364202775 -0.11556950294523606 -0.11556950294523606 0.18113474742553023 0.09875622973277856 0.14136368759286888 0.07055776109436031 0.9999995467301325 0.10929403831222864 0.05537795751452889
4.3499999999999925 0.5626158106369844 0.05362782551165303 -0.11828328104307387 -0.11828328104307387 0.17575193950407172 0.09868463611353549 0.13544935962309107 0.07220361282666163 0.9999995899448443 0.1083258218214863 0.058287019784809886
4.399999999999992 0.5736154683273031 0.054335013080391945 -0.11730350259443822 -0.11730350259443822 0.1736579990290208 0.10080232671121628 0.13469089605069498 0.07295601847452834 0.9999996281480108 0.10831903276580535 0.062266936618829885
4.449999999999992 0.582171083269367 0.05366185991046043 -0.11729642859468235 -0.11729642859468235 0.175032770689622 0.1003437854070996 0.13570514006535714 0.07214000029124731 0.9999996619184435 0.11154082436489834 0.06250527325766203
4.499999999999992 0.5811579515050725 0.0552942353643505 -0.11935753766934731 -0.11935753766934731 0.16783064063428357 0.10219021747756225 0.12918479183227366 0.07485447191334767 0.9999996917723314 0.10866487589719426 0.06816643301407031
4.549999999999992 0.5958502566599044 0.054032598887906416 -0.11646224909309406 -0.11646224909309406 0.17180716518752007 0.10220220015799585 0.13369252887621427 0.07273801330452451 0.9999997181760643 0.11306456982071657 0.06805448762468919
4.599999999999992 0.5926330393116963 0.05552888518760234 -0.11961412353599055 -0.11961412353599055 0.16533421585484787 0.10306939580183479 0.12696317713701433 0.07543904399246239 0.9999997415542425 0.11170979670298566 0.07298763395506717
4.6499999999999915 0.6046136067847893 0.05488965255269821 -0.1170014665627802 -0.1170014665627802 0.1659503469270226 0.10394911365723077 0.12880264679038914 0.07434242005133776 0.9999997622947475 0.11355027574028273 0.075206295572406
4.699999999999991 0.6079709087982487 0.0552365335653501 -0.11771199867441937 -0.11771199867441937 0.16471777255343084 0.10387274989354121 0.1269689595112085 0.07501806626599407 0.9999997807506962 0.11554935017713576 0.0768982240637057
4.749999999999991 0.6085026902098788 0.055830821983898736 -0.11900156393656265 -0.11900156393656265 0.1600024959482533 0.10520565969090653 0.12332023078059207 0.07617932170817808 0.9999997972378888 0.11412493536136192 0.08190985983726558
4.799999999999991 0.6203886380711492 0.05499913676021307 -0.11716033138957288 -0.11716033138957288 0.163014148986124 0.1048752429401881 0.12627571411626662 0.0747180551513641 0.9999998120290882 0.11849164798372176 0.08158136230701477
4.849999999999991 0.6138766975138763 0.056344376000663984 -0.12054823687355486 -0.12054823687355486 0.1565228986429043 0.10592069656265633 0.11999844169470233 0.07721239403377186 0.9999998253490805 0.11611461528026742 0.08676029913328866
4.899999999999991 0.626324654842425 0.055281924071189904 -0.11807167362109831 -0.11807167362109831 0.15873604090212434 0.10599872446229303 0.12304082007831284 0.07539926080379675 0.9999998373755764 0.11952011027465968 0.08733856091836294
4.94999999999999 0.6249898873347439 0.0562379287296971 -0.12024609805533258 -0.12024609805533258 0.15550748882113707 0.10628879284169448 0.11926911767454 0.07705952428689088 0.999999848251619 0.11951096660550328 0.0900686281250396
4.99999999999999 0.6273204538911645 0.05605194218743714 -0.120173899391064 -0.120173899391064 0.153213613457698 0.1069676598232356 0.1182005548954706 0.07692383317193115 0.9999998581020703 0.11940069126198957 0.0930297507394943
5.04999999999999 0.635496379054002 0.0558879640400337 -0.11894523933754128 -0.11894523933754128 0.15466077375732445 0.10662775889016776 0.119134053813977 0.07644382563284395 0.9999998670484987 0.1225693945448471 0.09296167660471076
5.09999999999999 0.6265118261336166 0.056758801478157636 -0.12183841046918459 -0.12183841046918459 0.14892890256064426 0.10744971021392821 0.11418261636087886 0.07824180252877834 0.9999998752115783 0.11984202125451177 0.09724856825983264
5.14999999999999 0.6399782015891589 0.05586525401865906 -0.11871420622011718 -0.11871420622011718 0.15180278367174077 0.10709636214354007 0.1172910095138984 0.07644332918663362 0.9999998827001856 0.12366807290742052 0.09632945652393522
5.1999999999999895 0.6321237487581067 0.05698812620289104 -0.12159649907559825 -0.12159649907559825 0.14711035124441593 0.1074827791099678 0.1125015980146612 0.07854718175544095 0.9999998895949408 0.12157758310200645 0.09946281058415901
5.249999999999989 0.638165972298004 0.056475435974404804 -0.12009249450069312 -0.12009249450069312 0.14704883603584767 0.10764825767341334 0.11346439894002221 0.07753137062975014 0.9999998959400619 0.12281872115653517 0.09996808122457423
5.299999999999989 0.6410351507278156 0.05682918768304788 -0.11998436845779427 -0.11998436845779427 0.14656443775789302 0.10736331376729356 0.11235456100576732 0.07803584764520896 0.9999999017538017 0.123661422275012 0.10041848552109182
5.349999999999989 0.6325727908015812 0.05739937745143731 -0.12198009073953138 -0.12198009073953138 0.14250728161141155 0.10807733650353708 0.10944946968930772 0.07910753698498212 0.9999999070557175 0.12171254192919004 0.10303013281826369
5.399999999999989 0.6454764302606588 0.05686237691605045 -0.11881756910139715 -0.11881756910139715 0.1451333306290771 0.10749440271203307 0.111720987986274 0.07779500771581031 0.9999999118944383 0.12443672661757173 0.10133325580446197
5.449999999999989 0.6311953948078858 0.058115751949391246 -0.1225972203966879 -0.1225972203966879 0.1401363640313001 0.10827787803435719 0.10723412632251511 0.08017134897473324 0.9999999163568108 0.12148465938860431 0.10439704276468842
5.4999999999999885 0.6433225998535602 0.05757949836266233 -0.1200725535306398 -0.1200725535306398 0.14194577367660985 0.1080995692951415 0.10945198286045575 0.07872229625020347 0.999999920548224 0.12338230900828857 0.10297038832304224
5.549999999999988 0.6377978889037933 0.05841011411942225 -0.12226142496690225 -0.12226142496690225 0.1399266898614789 0.10842679326249303 0.10708148679334929 0.08034088780264306 0.9999999245505138 0.12196288238958546 0.10407603802651026
5.599999999999988 0.6370342571383946 0.05893700167273376 -0.12298370974346276 -0.12298370974346276 0.1384153722458719 0.10926558442585503 0.10646426616088953 0.08079095656560925 0.9999999283838544 0.12109070434554237 0.10458258566344154
5.649999999999988 0.6439184926756202 0.0586642450062013 -0.12167453728683404 -0.12167453728683404 0.14003825178228416 0.10881755068644046 0.10752371467974545 0.080304515176739 0.999999931997684 0.12212990708701331 0.10331766428651463
5.699999999999988 0.6304578437494985 0.06022117610715159 -0.1253155773350483 -0.1253155773350483 0.13636430171334804 0.11050652051297437 0.10439995847252195 0.08280572022983941 0.9999999353047329 0.11915032720753722 0.10531394519800391
5.749999999999988 0.6446864243483152 0.059476909729358166 -0.12214275512391227 -0.12214275512391227 0.13890797056768103 0.1098073471636333 0.10696626135933518 0.08113172510470616 0.9999999382437158 0.12088946018623152 0.10312852954154107
5.799999999999987 0.6312634869776265 0.06078234797831783 -0.12597276317435888 -0.12597276317435888 0.13613190017134036 0.11116542552306614 0.10396531164047339 0.08360233535185693 0.9999999408370858 0.11803722112634002 0.10445011685032939
5.849999999999987 0.6418429370817886 0.060852793586620775 -0.12426261281666945 -0.12426261281666945 0.13663958271666277 0.11138732539482797 0.10507510451227574 0.08302526825602437 0.999999943206649 0.11803803978883376 0.10335242650074405
5.899999999999987 0.6381258101702754 0.060841319009079124 -0.1252546293418633 -0.1252546293418633 0.1366686014141455 0.11139916493298888 0.10456916446826894 0.08342447606487796 0.9999999455300974 0.11722178064112675 0.10253827082591235
5.949999999999987 0.6363989363215111 0.06233341188306429 -0.1269999523828332 -0.1269999523828332 0.13483645635286637 0.11325826473334569 0.10316089921221615 0.08531123145824854 0.9999999479549786 0.11468582552315447 0.10314244789249635
5.999999999999987 0.6423207147566175 0.06133391677705389 -0.12475516365632779 -0.12475516365632779 0.13686456486615237 0.11223576569896433 0.10519326591748897 0.08380449547092557 0.999999950513834 0.1154941590011426 0.10063962088698811
6.0499999999999865 0.6320835272810951 0.06327439268959145 -0.12850140952972391 -0.12850140952972391 0.134480624407541 0.11465036478461893 0.10252195822903752 0.08686005500672976 0.9999999530897031 0.11201083256648832 0.101584631242088
6.099999999999986 0.6427078526195334 0.0626512292781918 -0.1259753042056365 -0.1259753042056365 0.13618184602870428 0.11412651837922602 0.10489463663252865 0.08550411143477551 0.9999999554608873 0.11222374482213059 0.09933219409858732
6.149999999999986 0.6359714299065562 0.06352432695275126 -0.12832181137293758 -0.12832181137293758 0.13520155686499077 0.11527282751636393 0.1032509900037975 0.08725445938246859 0.9999999574107343 0.11037668041473499 0.09893724206887936
6.199999999999986 0.6410660615050142 0.06435283719550956 -0.12813146332805267 -0.12813146332805267 0.13521906129259778 0.11665668006496613 0.10382232009417248 0.08799334329700184 0.9999999588511805 0.10870511400545232 0.09867222152464299
6.249999999999986 0.640281595639747 0.06371501695998057 -0.12776034970643863 -0.12776034970643863 0.13602814591412354 0.11589933124956098 0.10451004106719522 0.08741388098097579 0.9999999598964954 0.10878304987561824 0.09626700761628414
6.299999999999986 0.6383572522122043 0.06574250141975789 -0.12975484660866882 -0.12975484660866882 0.13489076295455724 0.11884214813909869 0.10305558948805446 0.09016334069304484 0.9999999608390613 0.10581600665674522 0.09707807850314494
6.349999999999985 0.6407305932440207 0.06464630589447255 -0.12813782609804852 -0.12813782609804852 0.1364004838237846 0.11762742893031877 0.10533585336993388 0.08858632765893497 0.9999999620300362 0.106075742418539 0.09430386753322997
6.399999999999985 0.6421332783436777 0.06641991255101759 -0.1300288523794306 -0.1300288523794306 0.13539779416733466 0.12001254088755979 0.10335174564066901 0.09129206157450642 0.9999999637113522 0.10387826340498317 0.09401077690251959
6.449999999999985 0.6402790888054004 0.06636609711415313 -0.12930488865577985 -0.12930488865577985 0.1363354027781354 0.12047215768231892 0.10525546118680312 0.09092810962246733 0.9999999658802411 0.10257618492720268 0.09275619503628166
6.499999999999985 0.6444186100566774 0.06668941794209142 -0.12993811157038443 -0.12993811157038443 0.13624037410841916 0.1206400121779702 0.10450371700143316 0.09171999841953377 0.9999999682582102 0.10210670769518139 0.09040995838215476
6.549999999999985 0.6403283482309622 0.06827952720544873 -0.13067189779988816 -0.13067189779988816 0.13628351511311443 0.12335816172685488 0.10471609438406419 0.09360345353982616 0.9999999703892167 0.09974644624357162 0.09073697776090878
6.5999999999999845 0.6425025942364823 0.06738505296078158 -0.1301897048163253 -0.1301897048163253 0.13696882846078454 0.12204271448915158 0.10577434708808983 0.09258779658408417 0.9999999718373788 0.10002039144412989 0.0878445248041795
6.649999999999984 0.6449719451257343 0.06978443003471413 -0.13207269572504746 -0.13207269572504746 0.136683696594002 0.12532243676803628 0.10458464866168563 0.0957230338160281 0.9999999723970225 0.09818915429546611 0.08770948075804069
6.699999999999984 0.6393320650150907 0.06907859835469096 -0.13079731793736848 -0.13079731793736848 0.1375782561127402 0.12497407852458339 0.10652908095976311 0.09468487063407818 0.9999999722211658 0.09746186804911967 0.08597779759253803
6.749999999999984 0.6467948382303111 0.07076243433607653 -0.1326580758667429 -0.1326580758667429 0.13748040766657152 0.12647082190945294 0.10522378781556085 0.09704154297704325 0.9999999717977477 0.0972952532318096 0.08435946468427359
6.799999999999984 0.6386762257498066 0.07149493289829878 -0.13203803913325468 -0.13203803913325468 0.1380391165656601 0.1284643964035523 0.106573990695417 0.09768520062483604 0.9999999717707722 0.09573740427855504 0.08418802416858473
6.849999999999984 0.6429396493145141 0.07189902404022949 -0.13240994071508375 -0.13240994071508375 0.1386640828934264 0.12824614122585018 0.10654701867889335 0.09835255146412766 0.9999999726714538 0.09652216302163336 0.08193271988917139
6.8999999999999835 0.6411375063705352 0.07393945039399923 -0.1332907426764422 -0.1332907426764422 0.13856034131839226 0.13120854853166994 0.10634021339732228 0.10072168841506987 0.9999999746680902 0.09540050528213834 0.08192405269639408
6.949999999999983 0.6367845925917314 0.07376871005203677 -0.13197887148169443 -0.13197887148169443 0.13994437676658542 0.1314462672741878 0.10787278803662785 0.10037973315700308 0.9999999774475008 0.09564976899026437 0.08025677551996455
6.999999999999983 0.6403723608333456 0.0760095745478792 -0.1363021854092146 -0.1363021854092146 0.13950341717148118 0.1331425321466905 0.10649554021223251 0.10321234995033227 0.9999999802903089 0.09546060701770873 0.07900990029463863
7.049999999999983 0.6331861043475939 0.07644156256201738 -0.13484254406038906 -0.13484254406038906 0.1409557578839143 0.13525178192343576 0.10862620998709943 0.10329959269776898 0.9999999823282665 0.09539745553807928 0.07868268400077107
7.099999999999983 0.6342199634119995 0.07796898704488639 -0.1407271469008585 -0.1407271469008585 0.1410795689268657 0.13545816941769803 0.10749935840973346 0.10529442912987039 0.9999999828924565 0.0961435025036724 0.07693344919709698
7.149999999999983 0.6316701751898011 0.07944213546650189 -0.14363396364526843 -0.14363396364526843 0.14175080959686168 0.13833695074152752 0.10874497653526417 0.10668565520773664 0.9999999818200064 0.09610685282328675 0.07672461004520297
7.199999999999982 0.6260022481376988 0.08035757823893895 -0.1442567130620827 -0.1442567130620827 0.14313733412270085 0.13904180689412213 0.10928004903112068 0.10752245811863004 0.9999999795883439 0.09748906492764883 0.07579796451241125
7.249999999999982 0.6274290020214925 0.08229635041681084 -0.15085860602690673 -0.15085860602690673 0.14274254219729876 0.14042891984135697 0.10873976880340055 0.10991067328648747 0.9999999772090503 0.09845411094101934 0.0755544506823733
7.299999999999982 0.6209209162567952 0.08336189289810661 -0.14985994740422184 -0.14985994740422184 0.1453198701263702 0.1432888091623336 0.11127949778970028 0.110329197055053 0.9999999758975542 0.10084432525801212 0.07609352149270092
7.349999999999982 0.6188353469102977 0.08502152962050101 -0.15502922598061264 -0.15502922598061264 0.1446283760341537 0.1428452468222901 0.10950221180397013 0.11266841475044466 0.9999999766216348 0.10192787972126068 0.0753888645609299
7.399999999999982 0.6190740356282888 0.08655010609455074 -0.15704656942390322 -0.15704656942390322 0.14718847462290074 0.14654797177338919 0.11271633146503986 0.11355780171628463 0.9999999796860743 0.10410475480142267 0.07532496563730562
7.4499999999999815 0.6099757186340755 0.08808245293395493 -0.15773249735582626 -0.15773249735582626 0.14777076455032725 0.1467503104711175 0.11187825764362846 0.115239538283065 0.9999999845093014 0.10589188176095939 0.07542111155373107
7.499999999999981 0.6140333964153081 0.08945445689402647 -0.16285258684382506 -0.16285258684382506 0.14872371605064716 0.14814458517550846 0.11338267425857054 0.11669848808803719 0.999999989688951 0.10692771068625849 0.07366530396557047
7.549999999999981 0.6068924312173608 0.09167067208107485 -0.16168908000719087 -0.16168908000719087 0.15207986683812824 0.15169464707586147 0.11587054909184849 0.11807509251639262 0.9999999933597504 0.11025748471859187 0.07482287579204171
7.599999999999981 0.6057677015385501 0.09211696940383828 -0.1655306843548025 -0.1655306843548025 0.15083574238595737 0.1495618088405749 0.11413563997917142 0.11929806660401521 0.9999999937501789 0.11010360871269811 0.07237346443828031
7.649999999999981 0.6081367401022496 0.09516613472583209 -0.16745981756264264 -0.16745981756264264 0.1567675199861439 0.15565669783814606 0.12018392062471878 0.12108126990868656 0.9999999897692421 0.11552029971839917 0.07393722120807257
7.699999999999981 0.5971801274490979 0.09531698042163005 -0.16657038787932993 -0.16657038787932993 0.15482505609970415 0.15276045464889393 0.1170147745463503 0.12175443018650953 0.9999999814360089 0.11535037454026202 0.07265042237970823
7.7499999999999805 0.6045880343668195 0.09758236047909623 -0.17178942410684825 -0.17178942410684825 0.1604536417266972 0.15674976250564338 0.1230020553472279 0.12338728888771308 0.9999999700040649 0.11932044873887243 0.07121079198311112
7.79999999999998 0.5959948966142972 0.0995753821688124 -0.1684633829438119 -0.1684633829438119 0.1619569259650972 0.1583305818097083 0.12346262835653304 0.12476184281069051 0.9999999577157043 0.12287310130889977 0.07355095047638954
7.84999999999998 0.5943936245222408 0.09880695614790934 -0.17254301074980674 -0.17254301074980674 0.16280447406993853 0.15555022894649495 0.12412766410272574 0.12433552060593382 0.9999999472316004 0.1224356689042194 0.06822688400092748
7.89999999999998 0.5997779247123515 0.10423828411488797 -0.17274124282348496 -0.17274124282348496 0.17178411406087762 0.1642192875795933 0.13248138282847688 0.12827206072217373 0.9999999408748634 0.13307643006080278 0.07501697448979949
7.94999999999998 0.584229342980434 0.10030425113796705 -0.17080642880027905 -0.17080642880027905 0.16632318482374744 0.15547852680834756 0.12646836176922555 0.12482207060435391 0.9999999398920892 0.12789615924312614 0.06757848265701476
7.99999999999998 0.5991022327287533 0.10717260891161115 -0.17639205926985477 -0.17639205926985477 0.180878960663906 0.16644957274249034 0.14018626834631076 0.13040372012523394 0.9999999439309879 0.14044998271140222 0.07256932383793122
8.04999999999998 0.5811697513579155 0.10393470995204582 -0.1693290194639047 -0.1693290194639047 0.17498267941890494 0.15961357790054925 0.1340605860774977 0.1267500123061338 0.9999999508874423 0.13786116226265582 0.06970793062116673
8.09999999999998 0.5902362586656339 0.10672878000156429 -0.17576505618945934 -0.17576505618945934 0.18588713390839923 0.16313142416671564 0.14340877899100282 0.1291126270221311 0.9999999571779243 0.1446114439591628 0.0675474971033004
8.14999999999998 0.5878013837961824 0.10964254660028835 -0.17064444560129027 -0.17064444560129027 0.19024803674032986 0.16711401195539954 0.14758935459889566 0.13056062932553694 0.9999999583842232 0.1515618411315639 0.07239119387858722
8.199999999999982 0.5771093449643687 0.10444235011937882 -0.17106712092854384 -0.17106712092854384 0.18856737194041462 0.15776428508446066 0.14436734897340125 0.12532886091020914 0.9999999501290514 0.14829353637785905 0.06319110923680292
8.249999999999982 0.5939338655281645 0.11380754036267017 -0.1727960398960762 -0.1727960398960762 0.20733676357597436 0.17209818160055484 0.16171349784832909 0.13313919397284998 0.9999999289809034 0.16475109938423363 0.071963545049979
8.299999999999983 0.5687538819912722 0.10367086432251854 -0.1653192110109728 -0.1653192110109728 0.1953113368044257 0.15613154438422638 0.1493531648708805 0.12231255677127033 0.9999998931865673 0.1563271060139235 0.06252971013627759
8.349999999999984 0.590825211487084 0.11304096727786042 -0.17186722115113426 -0.17186722115113426 0.21947013154830008 0.16960899458681333 0.17019095758672861 0.13104864911004765 0.9999998430731251 0.1736838112797324 0.06728912289498255
8.399999999999984 0.5721422540652061 0.10578301463020286 -0.16172911630422773 -0.16172911630422773 0.21090969671983326 0.15999836674566065 0.16225682298307853 0.12192144807830652 0.9999997810358344 0.17013733612272447 0.06416283739559328
8.449999999999985 0.579180504531172 0.107702674048272 -0.1664782722929758 -0.1664782722929758 0.2251735466523366 0.16115160341023516 0.17232438230379313 0.12404221453065101 0.9999997111234299 0.17890816189819414 0.06117813085184525
8.499999999999986 0.5821241967396189 0.10833705938868701 -0.16052169764717988 -0.16052169764717988 0.2329704160729684 0.1647314578895556 0.18004988537216657 0.12241770144708489 0.9999996383141085 0.18720441870202117 0.06464214756756824
8.549999999999986 0.5685220969314464 0.10127780126557173 -0.15792995685062042 -0.15792995685062042 0.23018098457673508 0.15291456698575362 0.17417949652077458 0.11527234645485311 0.9999995676361969 0.18485539007970803 0.05728546055682613
8.599999999999987 0.5871681982971948 0.10763608926218181 -0.1589539110227966 -0.1589539110227966 0.25351709367110636 0.16388334041889518 0.19525085326652095 0.12019473677303466 0.9999995033089363 0.20213112003341643 0.061159168255936945
8.649999999999988 0.5682056925693553 0.09698302060286147 -0.14932308711237277 -0.14932308711237277 0.24243657898028245 0.1495571440280354 0.18311200994578455 0.10827385612924201 0.9999994480673888 0.19565668936211228 0.05599349535063462
8.699999999999989 0.5832310682262949 0.10203052235925608 -0.15396421816344508 -0.15396421816344508 0.2669271432736916 0.15601465291791078 0.2029163664553255 0.11309902139719644 0.9999994027874316 0.21202310041259528 0.05495905685608855
8.74999999999999 0.5754468305901329 0.09473271873181437 -0.14288079944885335 -0.14288079944885335 0.2640053730311953 0.14941590706718083 0.20046550296306628 0.10363174325853226 0.9999993664603289 0.2114888373603986 0.054268669248488326
8.79999999999999 0.5750036383066647 0.0932583923611848 -0.14535089101299462 -0.14535089101299462 0.2748977401870398 0.14506799708186055 0.20580687761429445 0.10240434077190615 0.9999993364964167 0.21872327626898044 0.04936189022270253
8.84999999999999 0.5813989323600998 0.09180657801446898 -0.13815354098387414 -0.13815354098387414 0.2892206311462301 0.14716916073356967 0.22009693136284122 0.09894914438217357 0.9999993092768387 0.22839954357946904 0.04922907760609746
8.899999999999991 0.5701565029500437 0.08464939266671997 -0.13447355723649013 -0.13447355723649013 0.2851864023827813 0.13611434013529686 0.21221353572705218 0.09151219338371923 0.9999992808364349 0.2267339338395443 0.04556280710213121
8.949999999999992 0.5807094833711733 0.08577160055968759 -0.13296734143722294 -0.13296734143722294 0.3099248792850948 0.13947491396388756 0.2342078233659346 0.09152563950972467 0.999999247548729 0.2419232318684964 0.04147216699263123
8.999999999999993 0.5712345470355762 0.07794088534092626 -0.12382529719962984 -0.12382529719962984 0.30437421285228333 0.13062814107121967 0.22789129210271505 0.08263858910416845 0.9999992067029988 0.23928227824507778 0.04154833522079377
9.049999999999994 0.5741266939355123 0.07669426807608176 -0.12542548329913314 -0.12542548329913314 0.3230368016516879 0.12768531236451652 0.24115895119241068 0.08101359042864324 0.9999991568926968 0.25081444847355383 0.03401316115407969
9.099999999999994 0.5733331949938613 0.07208081117389051 -0.1147951353379665 -0.1147951353379665 0.33096953583815325 0.12542150205406016 0.2501851624558889 0.07509655330075468 0.9999990981760175 0.25529256879960105 0.03458542925999297
9.149999999999995 0.5681543058387591 0.06686308478826872 -0.11526292507998386 -0.11526292507998386 0.33390219943226684 0.11611771250549253 0.2475808410942372 0.0696215462898597 0.999999032009565 0.25801928280003256 0.028600120160237278
9.199999999999996 0.5719886283287053 0.06506941238592417 -0.107803080755583 -0.107803080755583 0.35677286101641786 0.11670631456170451 0.270615499612152 0.06682577548185657 0.9999989609889315 0.2707666252955838 0.02499962447104857
9.249999999999996 0.5662521643537807 0.05852567415290146 -0.10381477050333288 -0.10316201370951733 0.3512822550540395 0.10768893055862527 0.262155934669628 0.059851209838109216 0.9999988884571144 0.2681729657578327 0.02395915849809599
9.299999999999997 0.5672186562360684 0.05612209935977947 -0.10269388574418412 -0.1013986184751945 0.3751302595194645 0.1043326308161876 0.2833270165961469 0.05686419363119362 0.9999988180529247 0.2824511074781789 0.015981479207199525
9.349999999999998 0.5655088686020614 0.05168416051457338 -0.10488440579214124 -0.09200942264177776 0.3779187041853779 0.10082393446357799 0.2865182836213407 0.05187831902651533 0.9999987532760084 0.28315777070069226 0.017407749647254427
9.399999999999999 0.5617559944745643 0.04656283285484014 -0.10364694233317912 -0.09313442063985274 0.3877481279020643 0.09169510093046464 0.2914183330348919 0.046448001401091656 0.999998697132768 0.29076003886535684 0.009892160378712524
9.45 0.5625617623271315 0.04455954255842637 -0.10307385941439501 -0.08300425367312868 0.40737922899440016 0.09170503632648618 0.3132065763301663 0.04393485502381059 0.9999986519026404 0.30101704167273285 0.009029935275057384
9.5 0.5585536338998968 0.03846184017899751 -0.10459756029844398 -0.08259834510131965 0.40324769079455736 0.08206509336290087 0.3043908773769873 0.03768132581032203 0.9999986190419808 0.29987781554627985 0.006027370857828681
9.55 0.5567322355709283 0.03612814298895769 -0.10065942374432404 -0.07596043267696824 0.4308356304976484 0.07924039002086596 0.33312256135219354 0.03497942423000892 0.9999985992042341 0.3178438572869178 0.0021008529810637275
9.600000000000001 0.5569712746120883 0.03226602828793066 -0.10265561888928983 -0.07095998509749757 0.4281056965900451 0.07501589998623016 0.32838857566672325 0.031020607870727124 0.9999985923403978 0.3147882301406862 0.002603991015305706
9.650000000000002 0.5498841878648536 0.02737401489009602 -0.0991527763606157 -0.06879140173527676 0.44598170447899094 0.06624106643857651 0.3446768744731164 0.02596783867525948 0.9999985978343177 0.33265214587290726 0.000727612270151204
9.700000000000003 0.5528813321033469 0.02647503048712274 -0.09727969625616116 -0.06038961678547674 0.45951496885929977 0.0670873528497482 0.3595230345815563 0.024960271154413963 0.9999986146320997 0.3376988979046957 0.0006231883678485051
9.750000000000004 0.5447787450553345 0.020171557440217723 -0.0977710456404052 -0.05997065114881689 0.45936192064835 0.056141223371355534 0.3556835297061027 0.018712679699846458 0.9999986413485608 0.34378448984387294 0.0007187613981195587
9.800000000000004 0.5447087404912823 0.019683386524078403 -0.09081996397314818 -0.05573429500116207 0.4880435180304843 0.056106788410481105 0.3872944487992663 0.018132183941962594 0.9999986763453428 0.3629482638175958 0.0007017682999711097
9.850000000000005 0.5420658946622356 0.015229530546445519 -0.09388276748658095 -0.0498081478566735 0.47998855838413423 0.049524247746946914 0.3757808759826654 0.013828500008176385 0.999998717802213 0.35763552033501284 0.0006861746710912199
9.900000000000006 0.5345449613073185 0.012547975302068375 -0.08800031101927613 -0.0453018592137137 0.5073375080263539 0.04405137342249494 0.4049577474003614 0.011224509661715587 0.999998763800447 0.38084637807367694 0.0007621235548395395
9.950000000000006 0.5383797205374459 0.011583617337079466 -0.08744013755991308 -0.04616373796607147 0.5102042200746288 0.043917473247108166 0.4068301231962862 0.010321223928419178 0.9999988124297622 0.3789977370549992 0.0006829027534766272
10.000000000000007 0.5259791292983744 0.006928397750796367 -0.08943873787488374 -0.034053970366609905 0.5202279575820541 0.034597973968781864 0.4160193761020653 0.00599390667729559 0.9999988619223341 0.3904884193622934 0.0007552570079322405
