0.0 0.0 0.0 0.0 0.0 0.9999999999999313 0.0 0.8639310172206912 0.0 0.9999999999999417 0.7978845608028653 0.0
0.05 0.0 0.0 0.0 0.0 0.9731936401694539 0.0 0.8337179792979156 0.0 0.9999999999999057 0.7762160578151652 0.0
0.1 0.0 0.0 0.0 0.0 0.9903114535770875 0.0 0.8539928949674047 0.0 0.9999999999999065 0.7890074304834104 0.0
0.15 0.0 0.0 -3.153508589098546e-6 0.0 0.9795597004442054 0.0 0.8420593469486976 0.0 0.9999999999998906 0.7799821654127388 0.0
0.2 0.0 0.0 -1.76687110858299e-7 0.0 0.968320700851845 0.0 0.831585281509663 0.0 0.9999999999998911 0.7683309760556659 0.0
0.25 3.5818525559747254e-5 0.0 -9.91469689634984e-5 0.0 0.9804358230867 0.0 0.8461264406237973 0.0 0.9999999999998717 0.7777496876310669 0.0
0.3 1.2242504598373948e-5 0.0 -2.9321014422734128e-5 0.0 0.94800363279662 0.0 0.8116400372203367 0.0 0.999999999999866 0.7479706119700027 0.0
0.35 0.0001252903333019489 0.0 -0.0003751733045002249 0.0 0.9644831141440349 0.0 0.8332620551105426 0.0 0.9999999999998729 0.7599341086930713 0.0
0.4 0.0002123265416220914 0.0 -0.00033165914916927783 0.0 0.9362368144331938 0.0 0.8021789050654141 0.0 0.9999999999998991 0.7344921387232106 0.0
0.45 0.00019260390832467135 0.0 -0.0005296415578793098 0.0 0.9325477387801736 0.0 0.8032244991953524 0.0 0.999999999999886 0.727360523803659 0.0
0.5 0.0007406863706130893 0.0 -0.0011102368992974528 0.0 0.9264633259428114 0.0 0.7969501328431158 0.0 0.9999999999998563 0.7225900116397778 0.0
0.55 0.0003531888447952947 0.0 -0.00037749687453536714 0.0 0.8968842192117051 0.0 0.768519292936148 0.0 0.9999999999998824 0.691526807933725 0.0
0.6 0.001299004949396294 0.0 -0.0019445420071562399 0.0 0.90625805202561 5.1572137294989336e-5 0.7821787013593418 0.0 0.9999999999999193 0.700914389266435 1.6777163533481226e-5
0.65 0.0009809840383698503 0.0 -0.0009416925740814464 0.0 0.8690170582337923 0.0 0.7423996272224377 0.0 0.9999999999998802 0.6639221453139363 0.0
0.7 0.00151104113532786 0.0 -0.0021070138684901236 0.0 0.8704640111568153 0.00016074860749331116 0.7505330316080735 0.0 0.9999999999998748 0.6644252600233764 0.0
0.75 0.0018001727283585196 0.0 -0.001892300699714716 0.0 0.8487539776737004 0.0 0.7263370136999353 0.0 0.9999999999999016 0.6448691521374029 0.0
0.8 0.0015878646670505416 0.0 -0.0012610176465991272 0.0 0.8265562035535873 0.00015938364132614424 0.708654724708838 0.0 0.9999999999998663 0.6208374625278925 0.0
0.85 0.0024627272849337975 0.0 -0.0025721922167254983 0.0 0.8257165003692845 0.00010660229881360355 0.7095462463844926 0.0 0.9999999999998952 0.6240963611056124 0.000203050026129036
0.9 0.0022293793806878845 0.0 -0.0011942490810867398 0.0 0.787364009754694 9.436448777989031e-5 0.6707096546720591 0.0 0.9999999999999065 0.5835479294757845 0.0
0.95 0.0030191797611325366 0.0 -0.0028918466360016095 0.0 0.7908499640968498 0.0005344021723756821 0.6803660532422728 0.0 0.9999999999998926 0.5914114655916425 0.0003189655430171772
1.0 0.0027847919892226717 0.0 -0.0020080177021823344 0.0 0.758443997323616 1.531778279873749e-5 0.6448221092516919 0.0 0.9999999999999079 0.558745429949682 0.0
1.05 0.0037105029524266793 0.0 -0.0024248642662932684 0.0 0.7455864079565022 0.0009425214864939194 0.6383009289011646 0.0 0.9999999999999202 0.5479393546489142 0.0
1.1 0.0031949745738857438 0.0 -0.0024989350405362027 0.0 0.7336233347099242 9.472458208678215e-5 0.6258033573850075 0.0 0.9999999999999152 0.5399650411785409 0.0001526462286363572
1.15 0.004159372290738564 0.0 -0.002598909954225688 0.0 0.7002095659562348 0.0006043538104420126 0.5945942946837247 0.0 0.9999999999999933 0.5061429127308688 0.0
1.2 0.0048766918732411155 0.00034513123554062193 -0.003421505827433381 -0.0027646143096097227 0.7032556393109675 0.0014521652498609046 0.601483094927478 0.00027885084171013207 0.9999999999999853 0.5156972254195795 0.0009909799958822052
1.25 0.004118654115968573 0.0 -0.001911200156423006 0.0 0.6647495590515065 0.00019418775299697886 0.5612706523876215 0.0 0.999999999999988 0.4761978108523369 0.0
1.3 0.007606177661658851 0.0010433799871772537 -0.005226817005550521 -0.00494959856139213 0.6625913943843234 0.003206817380518726 0.5650463483445343 0.0008784999678453033 0.9999999999999837 0.47883008070422683 0.0004895430381758982
1.35 0.0038831096448611537 0.0 -0.002306798934770692 0.0 0.638449265094229 3.6241717818452343e-5 0.5396937827807262 0.0 0.9999999999999888 0.45741313428786107 0.0
1.4 0.00871278999359046 0.0004903060885435027 -0.006476004226884925 -0.004045006557286228 0.6155499432534078 0.0023103304499158474 0.520810668271922 0.00041282455780016045 0.9999999999999786 0.43757027700842516 0.0
1.45 0.007939942190505547 0.0016920061396884102 -0.004665100265243417 -0.004653185958481348 0.614487124992681 0.002937461901734096 0.5214877672468846 0.001578340451402847 0.9999999999999611 0.44094825154794276 0.001646556491587229
1.5 0.0085482802776989 3.445971151893936e-5 -0.006272292037302126 -0.0013994280548599465 0.5750638279371213 0.0008727444051493286 0.4825496742440525 2.734535574730064e-5 0.9999999999999388 0.40414874113077925 0.0
1.55 0.01585043334948539 0.004389568133079944 -0.011212805817146296 -0.010478025280891952 0.5833842606404727 0.0075303476012833735 0.49514156414318056 0.004203040164418144 0.9999999999999155 0.4147468877736479 0.0024493813957359913
1.6 0.009220095965598477 0.00024075872099401478 -0.006109089227862745 -0.0034249728370310773 0.5471681453263281 0.0007528775078207636 0.45805028911961204 0.00022492838688074285 0.9999999999998012 0.3832492011904876 0.0
1.65 0.021263214793597062 0.0042760142328438265 -0.015678872877339524 -0.012389932533416371 0.5406775315170489 0.0077252973772760965 0.4561056672886705 0.004233079251352566 0.9999999999991978 0.3775934440693167 0.0004982524012628987
1.7 0.016386005304206832 0.002310466341988869 -0.012221701029494965 -0.010861751292330418 0.5280717760967562 0.004330621934352869 0.4437543196149903 0.002432166309592693 0.999999999997237 0.3695582178098216 0.0007467556201943384
1.75 0.023958512119203565 0.0025525453698760224 -0.01776042574045781 -0.012254919510456123 0.4977666140100767 0.005340519242181812 0.4153897829810999 0.0026799204186384418 0.999999999988789 0.3434115283988204 0.0
1.8 0.030782613254100456 0.006704696228999166 -0.022320514992405803 -0.01890900309631702 0.5079977467741515 0.01166711031741559 0.4282963325191709 0.0070844571462217775 0.99999999995587 0.35423055428735656 0.003997364643222607
1.85 0.028752270025774067 0.002920611734019227 -0.019630891474499514 -0.015592144630309298 0.4679303670132902 0.0056072190933115825 0.38760925945581637 0.0031889806235902134 0.9999999998406127 0.32001944579506575 0.0
1.9 0.04406120674113489 0.009393479291940015 -0.030803422772071844 -0.023926437416664996 0.47617070477450624 0.01580166328887802 0.4006376238794467 0.010136970848123119 0.9999999991732806 0.32714280651466304 0.004358373553853125
1.95 0.0397110793771842 0.00482835624682742 -0.02735226305536386 -0.023673783858316207 0.4505951984864267 0.009036589562046785 0.3738028180232422 0.005401205862040357 0.9999999985629738 0.3064769871420754 0.00010451738227821935
2.0 0.05347603545612162 0.008643909860352714 -0.0358538873441337 -0.027047146252575937 0.43687459098476855 0.015125569174776842 0.3638708425936986 0.009944969596950777 0.9999999974271854 0.2943930122697815 0.002437446477404924
2.05 0.056943211027578836 0.007398490433724811 -0.03941105288285345 -0.03242236597678675 0.4360944764935699 0.014773885425897417 0.36367684053404564 0.008402192497418085 0.9999999960473315 0.29531639435953494 0.001713715062380048
2.1 0.06420679403938512 0.008789390447691756 -0.03892834337573026 -0.03222048724295524 0.40551904534478694 0.015580122413648883 0.3334845965768106 0.010486863217864888 0.9999999936328096 0.2685447786223528 0.0011837449510998376
2.15 0.07618534897385074 0.010897258675314055 -0.05032784953597491 -0.038674083017637494 0.41511292569468583 0.02097936051729231 0.3469059778949245 0.01237739953008013 0.9999999902852792 0.27879520361734195 0.00493678876962615
2.2 0.07902258551064974 0.010418811955222098 -0.04600685424188752 -0.040840875992781585 0.3871783662160621 0.018563981875321392 0.31699129436012957 0.012487156325007348 0.9999999843590662 0.2533980317601192 0.0004773914919639554
2.25 0.09281159220157967 0.012926929702903538 -0.057008739084572047 -0.0427409814434734 0.3847137721626406 0.02374878272796269 0.3198407829480184 0.015154384298699983 0.9999999757455017 0.2534116758741953 0.005527479961045594
2.3 0.0977933943144646 0.012078169929938248 -0.05798716645710252 -0.050222666143269645 0.3750579865638943 0.022474681296040792 0.3087161639111661 0.014419911411376638 0.9999999621651956 0.24411863438191966 0.0006826946877888923
2.35 0.10817720176256859 0.013684906877680224 -0.059456857134547125 -0.04832662526319963 0.35461964704622284 0.02492198580354493 0.29104155559725003 0.01688142694881001 0.9999999425420648 0.22834917032078775 0.004739133987709002
2.4 0.11873220926562701 0.013486017883598923 -0.0691229338948045 -0.05661571212765989 0.36002544855016383 0.02665433294240828 0.29794212237280887 0.01606850723701621 0.9999999146869595 0.2327903003995506 0.002497432905418045
2.45 0.12572314507466237 0.015559279742204488 -0.06317223598000699 -0.056599571244973064 0.3350183812267775 0.027923894357886718 0.2720440982627013 0.019450620012793452 0.999999868869829 0.2118326039871189 0.003999511223252591
2.5 0.13911930323648627 0.015583950027908803 -0.07561691924262948 -0.05996929236842876 0.33794029289709343 0.030430928733558838 0.27939718722087614 0.01867200637550003 0.9999998090818681 0.21514420419074698 0.005057225058088757
2.55 0.14557073318339195 0.01718592434834753 -0.07273816100452457 -0.06634338841580284 0.32368442102366246 0.031243521502458127 0.2629577357750054 0.02134838397502759 0.9999997313176457 0.2023981724350977 0.002799339890749482
2.6 0.15706994096860774 0.01750692226257828 -0.07674189904662357 -0.06372751546755556 0.312056927169235 0.03265048630153114 0.2558259446192877 0.021661679699599132 0.9999996350734578 0.19396436361419245 0.006381618157041397
2.65 0.1672829030404806 0.01819780860366956 -0.08240451657918481 -0.07319764752601961 0.31308372547127544 0.03429402342228326 0.25614922043294475 0.02234020174296185 0.9999995157180291 0.194246811175033 0.002671259982039062
2.7 0.175299747336834 0.019372459735697678 -0.07597466153544033 -0.07004712233535956 0.29203112807409415 0.035565185631282865 0.23604438993360471 0.024647291213209067 0.9999993752493934 0.1772012135757198 0.006682386433448049
2.75 0.1888526091380437 0.01937931173866239 -0.08788923595065777 -0.07588736119901533 0.29750997345240027 0.037445675647673884 0.24409077005308383 0.023650956855036945 0.9999992119874128 0.18222026219964788 0.0046508827487558935
2.8 0.19483198697734358 0.021398778368280913 -0.08168324926395634 -0.07818732200598423 0.28065893840350153 0.03894007465613903 0.22546327520129752 0.02719457319773802 0.9999990309444198 0.16778009101315233 0.005931587449156326
2.85 0.20735702674087136 0.020723889543334508 -0.08750090380089193 -0.07663692923572162 0.27615772915041553 0.03939815014381492 0.2255506153938593 0.025776916771984182 0.9999988352108969 0.16509253640878058 0.006621990087720766
2.9 0.21614356689025296 0.02276097975406231 -0.0891292390655149 -0.08468950581523699 0.2729778238055836 0.041755560158876354 0.22040108424486804 0.0284873642647099 0.9999986316975271 0.16164038170228934 0.004531438872118571
2.95 0.22466386554413934 0.0224118934752739 -0.08312707906297506 -0.07891557208731202 0.25676019429188274 0.04187304708023077 0.2068273797690772 0.028684798759799037 0.9999984296276889 0.14950252135445855 0.008532314941452308
3.0 0.2380447684932526 0.023641013806564998 -0.09325505555737715 -0.08674587388481114 0.2627177480363851 0.044356980348421386 0.21335459553715386 0.029207000850385658 0.9999982357104955 0.15481846098698818 0.005682282760840829
3.05 0.2420389268822679 0.024478655649881366 -0.08479942655702301 -0.08388827085340038 0.24464491742164746 0.04495544067328173 0.19475960946729912 0.03157901688612658 0.9999980596226792 0.13969386187524557 0.008955569481043686
3.1 0.25642578112355036 0.024162018559159087 -0.09199689813093088 -0.08498262373984761 0.2461336994574921 0.04574401911364619 0.19979154105460856 0.03009975593732984 0.9999979068658007 0.14235122754977814 0.007256120467848397
3.15 0.2616407770097316 0.026214607926513495 -0.08997492841755175 -0.08917498193360619 0.23823734845130573 0.0476670379688597 0.18975393590890755 0.03341639070239312 0.9999977855721789 0.13473546706849188 0.007739498194107804
3.2 0.2717690014801966 0.024930526663003032 -0.08569408251748038 -0.08285846200474868 0.22777042103422368 0.04701335163073033 0.1828551225760557 0.031869252107421774 0.9999977005858978 0.12842136089944534 0.009515103101724978
3.25 0.2836388284692292 0.027330001849779097 -0.09287221760554892 -0.09113926594357656 0.23221068533802755 0.050175240714888374 0.1861463555643762 0.034238812573622615 0.9999976536334396 0.13143615580051096 0.007831982960699667
3.3 0.28554424123897937 0.026400934883494 -0.08347724210298872 -0.08340280847634199 0.21439491192013546 0.04912667409939105 0.16956500673867825 0.03435988059484181 0.999997648391671 0.11831263918663176 0.011280704896316118
3.35 0.30250717570953056 0.027719639880777337 -0.09128293758751083 -0.08862732091372119 0.22085024703314177 0.05154152530947762 0.177616384326529 0.034582491717136066 0.9999976773540148 0.12400467212589988 0.008804924977978008
3.4 0.30148625441283955 0.028027768926757523 -0.08656653305812388 -0.08656653305812388 0.20752979185066486 0.05129444703649048 0.16329999268523757 0.0363732285570088 0.9999977404898095 0.1131532382492649 0.01104678336530638
3.45 0.3163632464305036 0.027704203389568402 -0.08509039372117122 -0.08389998258015455 0.20459218079999775 0.051720656851375106 0.1635439388964538 0.03514729985595141 0.9999978279064501 0.11262861060240367 0.01046081016169351
3.5 0.32237759210702127 0.029335352743925742 -0.08853428007424807 -0.08853428007424807 0.2039608845946882 0.05356208587819917 0.16130367782144353 0.037477586037621954 0.9999979348689527 0.11091314035355446 0.010267795369304467
3.55 0.32633798142788123 0.028070672956286544 -0.0808075338662903 -0.0808075338662903 0.18992793831092106 0.052310536997273165 0.14952887099955228 0.03644588689258922 0.9999980563055928 0.10273560375887442 0.012943009370043768
3.6 0.3428806416336677 0.030197958711019986 -0.08706688156477466 -0.08706688156477466 0.1980214073837296 0.05564621450214007 0.15742360645798512 0.038073770168663194 0.9999981809228456 0.10781726402590938 0.0110814897471677
3.65 0.33637795601851883 0.028879281192191342 -0.08176008983708011 -0.08176008983708011 0.1810137922053563 0.05321578855484235 0.14105687143785736 0.037857764605005007 0.9999983098789375 0.09661415014347814 0.013791503407835207
3.7 0.35717980665516486 0.030421118231511342 -0.08246740577850253 -0.08246740577850253 0.1860221491379031 0.05608413947153405 0.14777995012229228 0.03847027906501943 0.9999984296234284 0.10053323661815172 0.012776336344508738
3.75 0.3527247045613812 0.029679707113392396 -0.08266989005141182 -0.08266989005141182 0.17728291868095641 0.05437390701509536 0.13845190455956116 0.03860569996924912 0.9999985449159103 0.09402854767230116 0.01305802096173617
3.8 0.36582820380730324 0.030313635223024212 -0.0788154904814744 -0.0788154904814744 0.17171368218033392 0.05578796658680553 0.13480163917394272 0.03903189626201213 0.999998647543056 0.09144071122008905 0.014905277328641404
3.85 0.37305423622763617 0.03034152760043945 -0.08130306714897849 -0.08130306714897849 0.17463015748460778 0.05621576229288576 0.13723650053388337 0.03891908299621565 0.9999987429473202 0.09294963061902224 0.01338700528061374
3.9 0.37113491348820926 0.030242566430769714 -0.07821774838853877 -0.07821774838853877 0.16061734325888205 0.055452716562757284 0.12426725017688815 0.03961317526542661 0.9999988301908922 0.08501341804600125 0.016852570621751415
3.95 0.3885079563373392 0.030874570482618883 -0.07798288296737202 -0.07798288296737202 0.16777439642784064 0.057480804938226396 0.13229619579614976 0.03934761642441464 0.9999989129226571 0.0895415670652177 0.01522704261610833
4.0 0.38006904610650455 0.03016895493179241 -0.07786124388019323 -0.07786124388019323 0.15492956862739213 0.05524029534659369 0.11943004713683836 0.03964611910113584 0.9999989942982048 0.08195019070496894 0.017034562208173763
4.05 0.3976117990652119 0.031177780745313043 -0.07491617291835546 -0.07491617291835546 0.15634474155975445 0.057544538349736954 0.12262104629745764 0.04003114891661712 0.9999990702075012 0.08317724976765287 0.017828096547953923
4.1 0.39571678550386774 0.02999937016910648 -0.07577941374344085 -0.07577941374344085 0.15253517881938042 0.05558526064642764 0.11838923584908244 0.03908314047391732 0.999999144447422 0.08118639702616026 0.01687898996889365
4.15 0.40177088832717744 0.031150571395446774 -0.07373852098571426 -0.07373852098571426 0.14483896511541544 0.056947451926193084 0.11202295306252683 0.04061995389185493 0.9999992083938642 0.07681634201250077 0.020140414021169263
4.2 0.4102655776883785 0.029866256157151026 -0.0724280749155123 -0.0724280749155123 0.1488273063968865 0.05631365931072407 0.11634892478049763 0.038568893262172596 0.9999992691353795 0.07980310005048916 0.017966210979799436
4.25 0.40508901639683853 0.030742285312055563 -0.07311769714098948 -0.07311769714098948 0.13724463347625018 0.05606805621150667 0.10502153244785778 0.04049287508402477 0.9999993204545803 0.07353605704863035 0.021547293552872437
4.3 0.4187994543355961 0.029915415842040115 -0.06927815896665128 -0.06927815896665128 0.1408748223479353 0.056510116313824174 0.11021149856452439 0.038662516710265146 0.9999993657699359 0.07607441388781223 0.02060062216153269
4.35 0.414111426087908 0.0299955937209902 -0.0710739504892176 -0.0710739504892176 0.1337752248480233 0.055281142914908474 0.10256399832742152 0.03945299105733368 0.999999404289321 0.07275761630904301 0.021654569276634252
4.4 0.42232675563446787 0.030032613885978422 -0.06772891919084428 -0.06772891919084428 0.13065035284599022 0.056058662507280144 0.10126907063783624 0.03922558673212635 0.9999994355910341 0.07102275050835367 0.023614108975774227
4.45 0.4255071041261912 0.029121504838995865 -0.06737718031128206 -0.06737718031128206 0.1311501585326563 0.05481861852577033 0.10149962372800221 0.03803107840039823 0.999999461597078 0.07236741836363708 0.021957678216850376
4.5 0.4227084299674615 0.029889914523292413 -0.06728661938060149 -0.06728661938060149 0.1222150702441385 0.05516414637657723 0.09349450634322862 0.039477801115102414 0.9999994806970796 0.06717344845447729 0.025572835495489412
4.55 0.43222976398633045 0.028446817516134502 -0.06388047872727318 -0.06388047872727318 0.1258650989870665 0.05446941465557494 0.09797511119278285 0.0370710795538452 0.9999994955086483 0.07040534537588558 0.023794555709539585
4.6 0.4258696221446928 0.02921941692182172 -0.06568912859648848 -0.06568912859648848 0.11755961777675195 0.0540214238614105 0.08946395061986609 0.038702041078253195 0.9999995051320163 0.06574257053858494 0.025946663504677572
4.65 0.4343471936298877 0.028124030005458687 -0.06331585132936567 -0.0617883855342515 0.1175183373931221 0.05382758446974732 0.09110594100301336 0.03691896122539969 0.9999995097580685 0.06633819590394582 0.026442167603949202
4.7 0.4334121492089541 0.02815677749222351 -0.06345483214808606 -0.062339054231727954 0.11519605456100213 0.052965144548108266 0.08819172302797441 0.03710385931013553 0.9999995099940583 0.06601678548670939 0.026047020966383838
4.75 0.43204125236580426 0.027970605673147717 -0.06354505646046231 -0.06111916469110126 0.1091022762535582 0.05289272094777184 0.08353230194520049 0.03713639518763508 0.9999995056229101 0.06261549239899634 0.029080970369964473
4.8 0.43886115454593383 0.027028416833466608 -0.06368455728982865 -0.05861222447260961 0.11172683237585243 0.05201934708398391 0.08625611971302224 0.035461496536974106 0.9999994970358879 0.06543212427602833 0.02690446925683183
4.85 0.430316245917491 0.027537428492276656 -0.06383411974877355 -0.06015418192460644 0.10347404352807066 0.05167482549013154 0.07837887614831227 0.036775885563830935 0.9999994841686046 0.06077105176590052 0.030250498187537892
4.9 0.4388788009442852 0.026189414358074425 -0.06397668035944978 -0.05622040300146552 0.10533301245102321 0.05100096203056117 0.08139709039888038 0.034504759972631076 0.9999994664459605 0.06282525368684469 0.028937945943627134
4.95 0.4339298919945634 0.02664554103919641 -0.06412600672829692 -0.05754912606289505 0.10080069939932067 0.050379538304797716 0.07634377176819172 0.035456180026315516 0.9999994409198522 0.06074660154635712 0.030045854222367694
5.0 0.4345318125661167 0.02572119365850392 -0.06427502736411897 -0.055295626127035986 0.09744794670615747 0.04979025952598548 0.07460503020665797 0.03428071251999233 0.9999994183992628 0.05916693030646523 0.03127199020199448
5.05 0.4379626558350569 0.025479311927375042 -0.06444983752962566 -0.053861472358051395 0.09852233601934499 0.04912300444104246 0.07519339400615141 0.03365775805023256 0.9999993911984009 0.06083199612204102 0.029719282415218172
5.1 0.4278933360690961 0.025311186251556532 -0.06461956116777058 -0.05441178154247244 0.09106495605716178 0.048408632597510985 0.06877686049009774 0.03406447301519943 0.9999993687858564 0.05642084683437122 0.03257119958175771
5.15 0.4371362898827337 0.024382717452202156 -0.06476576981064461 -0.05065443481797597 0.09399903515812559 0.047810487880938224 0.07211057277930102 0.03217213784986865 0.999999362494565 0.059300027065919254 0.030304917199709396
5.2 0.4269805126376291 0.024614661081433165 -0.0649279578221498 -0.052734974222280524 0.08767367779354907 0.0469556648571349 0.06576334493552374 0.033124657863112195 0.9999993618014433 0.05558744083432114 0.032335653290006386
5.25 0.4312475551200588 0.023580006748338583 -0.06508069366875913 -0.04975463908308024 0.08711808277405732 0.046308095303574916 0.06652360246570557 0.03140080680651545 0.9999993597549196 0.05606649791497996 0.031666412167957785
5.3 0.42973620382110844 0.02363233442508128 -0.06523455715699324 -0.04966800060135363 0.08599313618613148 0.045594411367921556 0.06474850363023733 0.03152663653639726 0.9999993638635957 0.0557729014501435 0.03130144810439826
5.35 0.4213254123719081 0.022999513501808132 -0.06536077853202789 -0.04953433240223098 0.08026944987804983 0.0446358220037137 0.06051193263005078 0.031037388044935003 0.9999993646124321 0.05267649748385017 0.03273934107164522
5.4 0.4296478843012535 0.022602113112432248 -0.06551044676868706 -0.046522109058155486 0.08326166377164092 0.04426505580262848 0.06313311158452677 0.02991363851011556 0.9999993673948779 0.05514054893297004 0.030658877513963685
5.45 0.4139037825569564 0.02231520207592847 -0.06561658016338075 -0.04850309618581989 0.07580674993115775 0.04289989582483123 0.05648489612672524 0.030315064155034866 0.9999993682016927 0.05076752879036573 0.03267755349420502
5.5 0.42385963313656216 0.021729631658634643 -0.06572906288443689 -0.04464886116773882 0.07798085294902675 0.042744009835229003 0.05914507981627206 0.02881200562245557 0.9999993670561296 0.05270315124419053 0.03091216122180296
5.55 0.41408380558288166 0.021400539203932218 -0.06581582889315034 -0.045873517693061736 0.0738700389202333 0.041301544337623126 0.05495480159961398 0.0289243244911066 0.999999365375508 0.05030019323441899 0.03145265623920876
5.6 0.413535034838757 0.021067890019592216 -0.06589427788619362 -0.044099628095803166 0.07137882208554948 0.0409776384356933 0.05362998281309981 0.02826058014111801 0.9999993622454045 0.04921155506443876 0.031520750137997225
5.65 0.41546785454117396 0.020490909519358357 -0.06591100449622082 -0.042485487097491496 0.07244868563790609 0.040013897864585854 0.05424772355666978 0.027368196170772262 0.9999993586593982 0.050039341710118215 0.030152132093450884
5.7 0.40088996031252777 0.02035436392563388 -0.06597659206184413 -0.04356247693093181 0.06592809253482938 0.039008608599058484 0.0488898250949713 0.027639760885757605 0.999999353931123 0.046562407765443355 0.031780599732748986
5.75 0.41192799295418125 0.019796336137145643 -0.06599922709507955 -0.039831953746722985 0.0692434083700156 0.03882468514777776 0.0520883060562433 0.02624232088080426 0.9999993495872413 0.04847404107703052 0.029562159019953828
5.8 0.3940406550190922 0.01936470271210088 -0.0659889151836644 -0.04178388709771692 0.06296473985690351 0.03701800189387683 0.046420652220624095 0.02637864502771202 0.9999993439154582 0.04515587230841638 0.030737539338842587
5.85 0.4040069981471401 0.019323035617401816 -0.0659540893031009 -0.039141415705579614 0.06396660432050381 0.03745157855571623 0.04789375217827725 0.025704321333675076 0.9999993389034788 0.045424301640268686 0.02965142039029024
5.9 0.3949425210348494 0.018282034145815355 -0.06588470997496976 -0.03911210131645358 0.061676814667960586 0.03535848599388766 0.04570912282135938 0.024697599695520708 0.999999331768198 0.044512941552311766 0.02899464208997816
5.95 0.3913427780186342 0.01882912798531084 -0.06582527189424889 -0.039145032151585255 0.05841165612607885 0.03574926785758838 0.04319720442406383 0.025317766204027134 0.999999325930617 0.042365327927094215 0.02990047847090484
6.0 0.393873737339044 0.01749716243332121 -0.06573375562975417 -0.0365665080548183 0.05998249861311041 0.03418928895085759 0.04485658206671825 0.02334783534106785 0.9999993183488716 0.04339534712161829 0.027675870884822838
6.05 0.3784899771395412 0.01801809089760358 -0.06564127115906697 -0.038379292288256685 0.05454750482445547 0.033793082419561075 0.03995584133413538 0.024430991509670312 0.9999993112875275 0.04025265536386473 0.029143155390935795
6.1 0.3882657467472601 0.01712541328081778 -0.06549225010910428 -0.03525272712288721 0.05650047725635734 0.03325552954925124 0.04235252420077575 0.02272348195570628 0.9999993050138197 0.04104350237566712 0.02730198696488866
6.15 0.37505069117076195 0.01686202081897761 -0.06545767748545656 -0.03627442606998565 0.05266951839565571 0.031847463415031814 0.038682482976062665 0.022847634692643178 0.9999992967482927 0.03928449439347196 0.027446614421124164
6.2 0.37735205260454063 0.016946661329201498 -0.06508959613956247 -0.03488313422090656 0.051844791970006784 0.03220030668267455 0.038534338015727046 0.022572675927593426 0.9999992987626084 0.038051977953307926 0.027375063300229464
6.25 0.3741591929690868 0.0157591721805957 -0.06492325240183287 -0.03383430752050804 0.05142415877148898 0.030310761105249065 0.038240337941466515 0.021160700221869406 0.9999993043152545 0.03837560931329225 0.025679648154865137
6.3 0.36440186040508443 0.016593902812116933 -0.06466485446228716 -0.034308238463079684 0.04784499854922638 0.03087232147341097 0.035088826635654984 0.02226274019501064 0.9999993119237663 0.035663671753956114 0.026860098445085887
6.35 0.36875583339733686 0.015112227481427126 -0.06441033570938282 -0.03209604054368825 0.04920477890302177 0.029331282313884304 0.03699158275479903 0.02009436500668202 0.9999993222097134 0.03652108207091008 0.02472831421869378
6.4 0.35845301515041805 0.01582984023781043 -0.066453271236365 -0.032832140995235716 0.04557772546972545 0.029342020321757166 0.03325454093241564 0.021315302170956216 0.999999328285139 0.03444612280811733 0.025360895875846088
6.45 0.35850029892443364 0.014963852882389637 -0.0638320121848985 -0.03128340585840428 0.04573717828258865 0.02872804449299334 0.0343493716441624 0.019826394477665803 0.999999338054748 0.033931520633910285 0.024561310073557642
6.5 0.3556513224237377 0.014775740555478593 -0.06645982833868894 -0.030753118129239025 0.044386273960354945 0.027834800404104795 0.03268847907882974 0.01982519166376746 0.9999993436545602 0.033647451943774984 0.023467004505844095
6.55 0.3472114539396131 0.015046481160914494 -0.06352399405894373 -0.03060587124771831 0.04228206363654009 0.028246118648176104 0.03129920585729791 0.019991581420910152 0.9999993491237058 0.031688784935549316 0.024297280753892363
6.6 0.34972484576338236 0.013901752477960452 -0.06459283693144535 -0.02906633456053394 0.04288688411813116 0.026753888282851385 0.03209214912238202 0.018489072053051506 0.9999993550882003 0.032311431372846956 0.02220655667050027
6.65 0.34119936492961594 0.01492588915471587 -0.06597000909455154 -0.029394760765265763 0.040048466816508595 0.027588885873734283 0.029128381617322598 0.01989564461998567 0.9999993574804448 0.030309807796230173 0.02310651675399845
6.7 0.34025509725253394 0.01360974309812702 -0.06288557149275134 -0.027977219638303952 0.04048168073921301 0.026384483659453978 0.03051663040832051 0.01796210118933688 0.9999993604479024 0.0302693332021376 0.021803590715654044
6.75 0.3380869812848736 0.014361330626105161 -0.06651856932216342 -0.027694823874690983 0.03888304226105384 0.02660133234763638 0.028148449731037313 0.019116082833089243 0.9999993616850315 0.029498966462888385 0.02135955537605484
6.8 0.33002170732177116 0.013864684933000969 -0.06335947987497931 -0.02717802126623778 0.03777275679521771 0.026519447852111154 0.028105864629757258 0.018248128018495104 0.9999993609531533 0.028217232581663997 0.021584489748776522
6.85 0.3316981119836556 0.013665827866971606 -0.06500705771535013 -0.026042348766508523 0.03788920119451268 0.025762987495403965 0.027702024510298028 0.018025979143150326 0.9999993614060431 0.02858008793855568 0.020026896347204285
6.9 0.32322600551512504 0.01424244359451412 -0.06491545148959528 -0.026638343641359346 0.03564045273908835 0.026507219962423532 0.0257806296138082 0.018754785914382052 0.9999993598086429 0.026757574042686562 0.020800435753900528
6.95 0.3221542109241341 0.013345211400560846 -0.0628915476519763 -0.024735196456052867 0.036414212683745825 0.025649046672161665 0.02685668727613238 0.017379367131552654 0.9999993590698116 0.027127866100509535 0.01941621462106207
7.0 0.31894118842493496 0.014315302609886102 -0.0656915822095328 -0.027961115487558856 0.034453548822577444 0.02608281588358322 0.02425014607592037 0.01880880176950963 0.9999993586164063 0.025914019681922654 0.019523879097314612
7.05 0.3121835891733723 0.013602753302438802 -0.06225617571051632 -0.025277609622525215 0.034452514274838836 0.02607873880608573 0.025187752023594096 0.017580448405974163 0.9999993572737739 0.02551031053185825 0.019215782594661793
7.1 0.31214705367252743 0.014137621947667805 -0.06434766095451432 -0.027554640512857307 0.03389634198810509 0.025722466261530744 0.023561321079945838 0.01835928598129955 0.9999993571811014 0.025264818969500107 0.018364463149643333
7.15 0.3042834360467231 0.014187271022283577 -0.06326099922736791 -0.027136300528043524 0.032464072684410504 0.026255743508648812 0.022997578619904625 0.018335526343473945 0.9999993557019198 0.024100442530652584 0.01877715213568496
7.2 0.3024539033440399 0.01410008162179963 -0.06187475136614413 -0.026539156203915316 0.03335494291714201 0.02598226447748272 0.023167174975512093 0.017947182551979055 0.9999993539304001 0.024420737231818278 0.01767101017615645
7.25 0.2988359398910263 0.014691615384350848 -0.06397454433967653 -0.028610389446051838 0.031186884577390453 0.02600315113281294 0.020997250077085142 0.019004930335920902 0.9999993518731066 0.023038650315184706 0.017935175243096964
7.3 0.2926303590669394 0.01445246120973591 -0.06023654072994664 -0.026738929492278768 0.03231376741634367 0.026548156938238046 0.02234151198110925 0.018081643428436604 0.999999348363475 0.023372488818645707 0.017331513733438907
7.35 0.29284602752461086 0.015002971927277071 -0.06301476522784813 -0.028669329246299193 0.030888512673366494 0.025871190847048284 0.019772175581323374 0.01921144938048723 0.9999993450750279 0.02233947523159628 0.017086669017188354
7.4 0.2854172904860202 0.015000408031665902 -0.060559182247194226 -0.028181317213667643 0.03088291156074583 0.026643734581104528 0.020687730583177046 0.018750362123061283 0.9999993409270428 0.022230599465094977 0.01697814677391908
7.45 0.283759504282849 0.01546964811405516 -0.06032359567438651 -0.02797443482578435 0.031197940904916375 0.026358137250516764 0.019550831600206858 0.019278757628274086 0.9999993368315364 0.022007130773506824 0.016637135357846455
7.5 0.28097211089702595 0.015456552787091031 -0.0614346624299315 -0.029466901145669935 0.029738361788812 0.02607599235729412 0.01849600324574547 0.019535976326362045 0.9999993325273995 0.021044117512439165 0.016393093353368887
7.55 0.2746764971342735 0.016207673649341618 -0.057648861942307277 -0.028133130941871448 0.031663535303999575 0.027272353026673867 0.019759679392364764 0.01959826265511862 0.9999993274716511 0.022156815846907957 0.016770567752093988
7.6 0.27403931670402476 0.015850051384223025 -0.06113451624765458 -0.029432271591829682 0.029423124886264723 0.02542000656615332 0.0166468810765117 0.020072264252610682 0.9999993205822292 0.020256682962819142 0.01599287257119809
7.65 0.2686107312416515 0.016818340371311698 -0.056908486123757346 -0.029594346773869747 0.031920681143974824 0.027626373245882872 0.019322797601557324 0.020138370806330737 0.9999993133147169 0.022418903182732628 0.01706058459048572
7.7 0.2656562016226906 0.016577112157394644 -0.058893421335806974 -0.02855246558776887 0.03039438666934899 0.025679595406906796 0.01621520196953976 0.020539269002803916 0.9999993055528121 0.020472697314683378 0.016278427905898195
7.75 0.26350418542476634 0.01686342403449404 -0.05773606296695498 -0.030779011597753283 0.0317590839744409 0.026585574213576834 0.017583538639233058 0.020530809800719498 0.9999992978869786 0.02150849916946997 0.01629789746552843
7.8 0.2576007912650013 0.017722832628426107 -0.05562589971141707 -0.028368264226162225 0.032729140885220054 0.026984275561700258 0.017321855197358814 0.021163845290159893 0.9999992908384272 0.02260267692369033 0.017909659522085064
7.85 0.25742157989582337 0.0164359432817935 -0.05823771093972192 -0.030467632359898047 0.031575751492802985 0.024676273141783854 0.01506512523497835 0.02049335219817726 0.9999992853963081 0.020230438690795195 0.015351086928639901
7.9 0.25208481466573773 0.018808345188422632 -0.05341008835072075 -0.029727064114979194 0.0358970786465395 0.02816878232482494 0.018864542461611695 0.02190686040839196 0.999999283087609 0.024956589155377018 0.019135973708746944
7.95 0.2497232185356973 0.016408404840591976 -0.05693804134217976 -0.028881925366738545 0.032569470047366614 0.023549505034451013 0.013653732079434912 0.020471337687621747 0.9999992817756079 0.020333629419778353 0.015637317867744926
8.0 0.2492292265061106 0.019016562919132972 -0.0533217699277298 -0.03128464148859633 0.03888255517245525 0.02779709134526669 0.019129024816024583 0.0222543186491912 0.9999992835725036 0.025602194151885967 0.0184541195240178
8.05 0.24092949358765642 0.01714539894635863 -0.054062453699938215 -0.027359388745000452 0.03583891477667551 0.024078958258644232 0.014645826349974762 0.020751666402241947 0.9999992861926861 0.02265650528843023 0.017228396498415115
8.1 0.2459018586699673 0.01776182402014343 -0.05405432590562265 -0.03126994270638615 0.04073543859624839 0.02541177114316337 0.017059148608314242 0.021378888789895918 0.9999992889444761 0.024297694443833145 0.016259124630099913
8.15 0.23519626240631653 0.018440988478161863 -0.05102718030180213 -0.027563895103062196 0.04184879339876791 0.025761906624160228 0.017864769295963645 0.021496213536258402 0.9999992920338993 0.026614478762427493 0.018948028096794634
8.2 0.23909449249352263 0.01585182153049735 -0.05384856522611616 -0.029340155986457745 0.0420679952426146 0.02238738293813245 0.01419345131794829 0.019597956195379587 0.9999992894595507 0.0230636645874268 0.014623268706293501
8.25 0.23471702249144225 0.019522934401821925 -0.04964622552310717 -0.029013410366128863 0.04965944453630089 0.027131156155646197 0.02149389946759871 0.022448004938847306 0.9999992856897515 0.029956368744679447 0.01889870111346965
8.3 0.2295879103043697 0.014656362406547045 -0.051902667453120256 -0.0263871687507375 0.04510013672307249 0.0206770649923933 0.01359203893270841 0.01809184571345688 0.99999927762872 0.024051988878541236 0.014687101266507121
8.35 0.23540560562847704 0.019088068563380935 -0.04969214160334663 -0.02975655981033052 0.056521201854149127 0.026282212710929963 0.022727892020213285 0.022240148551934676 0.9999992653959197 0.03080295976169687 0.016473968184199873
8.4 0.2226876544410707 0.014650171803274183 -0.04909296581428163 -0.024290823726400804 0.05185426871777992 0.02085865953427655 0.016700388114231003 0.017399501249197487 0.9999992496611879 0.02753609807398203 0.015288016770970947
8.45 0.23200777655827887 0.016672342865007215 -0.04986329269796767 -0.028640572655198687 0.06066387050459656 0.0228819534303294 0.020822816065390284 0.01991168770837704 0.9999992308881515 0.0300615362607814 0.013601294176417438
8.5 0.22181573537356905 0.015787031688462554 -0.04711017672504762 -0.02408509321774354 0.06297430732451029 0.022506909004573816 0.02290503319187878 0.018005272148527544 0.9999992114513696 0.03231782897105726 0.01481589616132533
8.55 0.22461957722862233 0.013644943875823982 -0.0488545374926785 -0.02563994420060304 0.06417293911818929 0.019192788829853952 0.018948514636674445 0.01656777832103051 0.9999991921238466 0.030678136481985523 0.012662620327693276
8.6 0.22446060428542586 0.016771488624122033 -0.046025043651606604 -0.024850430122706654 0.07544133227003594 0.023449137995975255 0.028959471332831423 0.018974355077567145 0.9999991751601702 0.036270606810527434 0.012542966503855953
8.65 0.2161659287942044 0.0116504270804698 -0.0480551414478409 -0.021672829111872238 0.07077994613788761 0.01721481979764679 0.02099941135705797 0.013872422963751628 0.9999991606366881 0.0330921817439997 0.012034283363137298
8.7 0.22485130569631182 0.015719298372568753 -0.04596260216493229 -0.024932797082996845 0.08497450013641304 0.02160464638892058 0.03126824097087408 0.01802292356880888 0.9999991484752846 0.03860177681341996 0.009817700561139155
8.75 0.21177875689527612 0.0112206254336911 -0.04600844195225125 -0.018841339228699423 0.08262737665625176 0.01716764001408791 0.028013231862274644 0.012684272890984115 0.9999991384410657 0.03746445368125662 0.010185851760262633
8.8 0.2198059498903678 0.012785636095180984 -0.04641535953633561 -0.023184529496276616 0.09131021332774907 0.017844729512692916 0.030886278685557992 0.0149052507110855 0.9999991289820914 0.04010038844599552 0.008087286593884213
8.85 0.21258495021472337 0.011905136336412901 -0.04388483874349532 -0.018014348926274144 0.09829042627737879 0.01790665885773804 0.037639379289515114 0.013047286999350725 0.9999991201520766 0.04306000630399039 0.007025017631696054
8.9 0.21094321975359917 0.009628387452996216 -0.04646120621246835 -0.01923830490265347 0.09819210607557408 0.014393197466151648 0.032459135542978766 0.01118413880016253 0.9999991100634624 0.04230970986894271 0.006987139622301676
8.95 0.21411436526344155 0.011790450048152112 -0.0429202941147542 -0.0183366486869817 0.11285871544548953 0.017198121048168417 0.04496006849357914 0.012938757247288386 0.9999990983925204 0.04836211971506718 0.003798679415047472
9.0 0.20333509017711057 0.007836723449724069 -0.04468036276684949 -0.014668548145337532 0.10998994684748732 0.0128276212770494 0.039840564471605715 0.008729142967067735 0.9999990835590135 0.04639854110903888 0.004804889986440958
9.05 0.21154217395000455 0.009866924755298571 -0.04392909405731663 -0.01805228558930876 0.12329168055624651 0.014414053617724751 0.048125966325708265 0.010941844157846648 0.9999990655722893 0.052166318495867454 0.001556722796029257
9.1 0.20072456563611743 0.0075266594876697325 -0.04212492159644995 -0.014841830578594045 0.1271311404181115 0.01270878097343254 0.05214299408181878 0.008024304925860598 0.9999990440785378 0.053295289192871055 0.00162137727230215
9.15 0.20405887542310588 0.0069913966458677946 -0.044469433314648976 -0.015374627257610499 0.13164297492964266 0.010968677807970438 0.05070526639463037 0.007730579276881011 0.9999990197800592 0.05541718098334882 0.0004708477029249833
9.2 0.2014556724461471 0.0073531549978970625 -0.0405463303403166 -0.015525441969140028 0.14525772131728823 0.012210398932943171 0.06417590351561543 0.007734236913249186 0.9999989938998967 0.06345317534112718 0.00034419984329919973
9.25 0.19584634627366648 0.00489957907620819 -0.04291328724854799 -0.011344908857882328 0.14325546781332216 0.00889444276640558 0.0583608545731357 0.005264220640823719 0.9999989671063451 0.0612307608038993 0.00032384536795270353
9.3 0.20111128662955904 0.006098995639693544 -0.041143976313268674 -0.013399324639254046 0.1596000575274496 0.010233686646246161 0.07176741279871483 0.006425025024888111 0.9999989410861017 0.07272495149436775 0.00040080386323029414
9.35 0.19123758991486578 0.004198313459019942 -0.04007477458489944 -0.01343569420085602 0.16082193317798257 0.008466839485594036 0.07261355528998044 0.004335881874000375 0.9999989167854844 0.07134126775180621 0.0003410506158393512
9.4 0.19681936944138376 0.004020010762484848 -0.04197650120450852 -0.01027243824004423 0.16993847917392668 0.007481690241707472 0.07637051861169779 0.004217689071689653 0.9999988951455544 0.0787368455438728 0.0004285738310149002
9.45 0.1904981896589328 0.0039145306928800696 -0.037905605497404044 -0.014930071452309568 0.181260001526469 0.008127787990406258 0.08895692307763965 0.00393984529715411 0.9999988772524729 0.08439011263180646 0.00039358693584025747
9.5 0.1900397971001649 0.0023152157973923156 -0.04075092293527974 -0.009338709441833806 0.18090607581951257 0.005503516691213006 0.08373408169712909 0.002359373133125205 0.999998863734333 0.08430086656356739 0.00041335813972845576
9.55 0.1911148440894913 0.0029992066707019266 -0.03802835005055651 -0.013467109113116174 0.19894152930796644 0.006691690457198357 0.1015119143817693 0.0029651765005471583 0.9999988548157493 0.09626748400710611 0.00047694067002042746
9.6 0.1846181392343487 0.0019457215547539588 -0.037930349517192076 -0.011403322641698544 0.1974650792556522 0.0052873786864844384 0.09823796943211696 0.0018980439535745378 0.9999988503985695 0.09330669559905481 0.0004067730938803934
9.65 0.1894556310003988 0.0016123376591694145 -0.03906393710661813 -0.010015892843671272 0.21140682718714346 0.004643535136067144 0.10901937501432046 0.0015508542350110663 0.9999988504277715 0.1040416918891701 0.0005348266123550433
9.7 0.1824863469880751 0.002205906325522532 -0.03538620054552229 -0.013929564640636544 0.2189384539502286 0.005766005918214899 0.11765401895367265 0.0021249618374103905 0.9999988545922427 0.10641381657426595 0.00043837463618872925
9.75 0.18435233444673918 0.0007767341944306218 -0.038537568514370145 -0.007745492113864813 0.221842124362991 0.00337648860467263 0.11615276982135729 0.0007106519575540843 0.9999988623171905 0.10916993670885554 0.0005270424117526589
9.8 0.18260978630355004 0.0018327726861433542 -0.035056681369063446 -0.013631974861112495 0.23944407540142537 0.005242982440633423 0.13519225600902737 0.0017327228940420632 0.9999988731448874 0.1199758346277231 0.0005248962456441586
9.85 0.17840228666963026 0.000714775921819174 -0.03619495685000923 -0.00844754746065989 0.23556198256329744 0.003307275390549626 0.12848596032453155 0.0006457341163716009 0.9999988862961373 0.11620067911591844 0.0005004829234039161
9.9 0.18193120190606904 0.000967430486666357 -0.03608109540888064 -0.010378659603026502 0.2543209376913919 0.003905643025343033 0.1466057218335462 0.0008821785233021551 0.9999989012843603 0.12951240355968469 0.000608911124707897
9.95 0.17450914248625538 0.0009426949334120177 -0.03347914311927846 -0.010837613002363328 0.254782810445301 0.003801650005839159 0.14716576084105742 0.0008546827322511591 0.9999989175032419 0.12792063977101248 0.0005056689776592773
10.0 0.17777296351900945 0.00033540870960874843 -0.036182038323120044 -0.00673279947905221 0.26406519118208815 0.0027847625632000652 0.1536811633661283 0.00028929600209372236 0.9999989345761411 0.13444533043766344 0.0006238507970150827
